1.000000e+00 0.000000e+00 0.000000e+00 0.000000e+00 0.000000e+00 1.000000e+00 0.000000e+00 0.000000e+00 0.000000e+00 0.000000e+00 1.000000e+00 0.000000e+00
9.999929e-01 -4.349658e-04 -3.748944e-03 -4.272899e-03 4.385385e-04 9.999995e-01 9.522145e-04 -2.217482e-02 3.748528e-03 -9.538517e-04 9.999925e-01 1.943314e+00
9.999741e-01 -1.290495e-03 -7.086790e-03 -1.106334e-04 1.295443e-03 9.999989e-01 6.936454e-04 -5.059881e-02 7.085887e-03 -7.028079e-04 9.999746e-01 3.931866e+00
9.999472e-01 -1.110222e-04 -1.027128e-02 1.931040e-02 1.104429e-04 1.000000e+00 -5.696753e-05 -6.596127e-02 1.027128e-02 5.583013e-05 9.999472e-01 5.912459e+00
9.999208e-01 2.048636e-03 -1.241815e-02 -4.125577e-03 -2.054759e-03 9.999978e-01 -4.802815e-04 -8.493282e-02 1.241714e-02 5.057598e-04 9.999228e-01 7.843097e+00
9.998880e-01 3.918763e-03 -1.444480e-02 -3.274312e-02 -3.910583e-03 9.999922e-01 5.944936e-04 -1.045623e-01 1.444701e-02 -5.379395e-04 9.998955e-01 9.752831e+00
9.998534e-01 5.330537e-03 -1.627024e-02 -7.214252e-02 -5.336812e-03 9.999857e-01 -3.422537e-04 -1.233898e-01 1.626819e-02 4.290348e-04 9.998676e-01 1.167656e+01
9.998072e-01 5.866380e-03 -1.873757e-02 -9.980483e-02 -5.892875e-03 9.999817e-01 -1.359087e-03 -1.513220e-01 1.872926e-02 1.469243e-03 9.998235e-01 1.365123e+01
9.997549e-01 4.984536e-03 -2.157086e-02 -1.249436e-01 -5.016236e-03 9.999864e-01 -1.415739e-03 -1.722198e-01 2.156351e-02 1.523596e-03 9.997663e-01 1.559534e+01
9.997081e-01 2.662461e-03 -2.401218e-02 -1.775866e-01 -2.682886e-03 9.999961e-01 -8.184436e-04 -2.040389e-01 2.400990e-02 8.826266e-04 9.997113e-01 1.753316e+01
9.996363e-01 3.534201e-04 -2.696499e-02 -2.217359e-01 -3.744486e-04 9.999996e-01 -7.748007e-04 -2.208480e-01 2.696471e-02 7.846159e-04 9.996361e-01 1.948135e+01
9.995359e-01 -1.470802e-03 -3.042693e-02 -2.667927e-01 1.439633e-03 9.999984e-01 -1.046277e-03 -2.390039e-01 3.042842e-02 1.001988e-03 9.995364e-01 2.142002e+01
9.994186e-01 -2.215332e-03 -3.402302e-02 -3.345491e-01 2.218354e-03 9.999975e-01 5.108198e-05 -2.615562e-01 3.402282e-02 -1.265274e-04 9.994210e-01 2.334509e+01
9.992886e-01 -6.881766e-04 -3.770816e-02 -3.935501e-01 6.793983e-04 9.999997e-01 -2.456097e-04 -2.691904e-01 3.770832e-02 2.198161e-04 9.992888e-01 2.533919e+01
9.991706e-01 1.911497e-04 -4.071956e-02 -4.754169e-01 -2.657097e-04 9.999983e-01 -1.825658e-03 -2.851948e-01 4.071914e-02 1.834963e-03 9.991689e-01 2.724732e+01
9.990252e-01 1.520553e-03 -4.411840e-02 -5.545599e-01 -1.722384e-03 9.999882e-01 -4.537106e-03 -3.050017e-01 4.411098e-02 4.608672e-03 9.990160e-01 2.917999e+01
9.988781e-01 2.185102e-03 -4.730546e-02 -6.354979e-01 -2.525863e-03 9.999713e-01 -7.144835e-03 -3.392643e-01 4.728849e-02 7.256306e-03 9.988549e-01 3.109054e+01
9.987254e-01 2.204921e-03 -5.042567e-02 -7.304659e-01 -2.511145e-03 9.999788e-01 -6.010246e-03 -3.920583e-01 5.041135e-02 6.129211e-03 9.987097e-01 3.302991e+01
9.985590e-01 3.751064e-03 -5.353421e-02 -8.283155e-01 -3.884974e-03 9.999896e-01 -2.397543e-03 -4.125495e-01 5.352466e-02 2.602067e-03 9.985631e-01 3.496465e+01
9.984378e-01 3.278400e-03 -5.577763e-02 -9.460715e-01 -3.187450e-03 9.999934e-01 1.719476e-03 -4.388049e-01 5.578290e-02 -1.539001e-03 9.984417e-01 3.687878e+01
9.982853e-01 2.810314e-03 -5.846878e-02 -1.061356e+00 -2.564968e-03 9.999876e-01 4.270809e-03 -4.531288e-01 5.848006e-02 -4.113516e-03 9.982801e-01 3.878475e+01
9.981036e-01 2.618517e-03 -6.150013e-02 -1.182986e+00 -2.384402e-03 9.999896e-01 3.879822e-03 -4.657200e-01 6.150966e-02 -3.725824e-03 9.980995e-01 4.074773e+01
9.978978e-01 3.351080e-03 -6.472055e-02 -1.307889e+00 -3.387472e-03 9.999942e-01 -4.525732e-04 -4.948750e-01 6.471865e-02 6.708609e-04 9.979033e-01 4.268620e+01
9.976685e-01 2.588135e-03 -6.819745e-02 -1.444384e+00 -3.011120e-03 9.999769e-01 -6.100298e-03 -5.266308e-01 6.818008e-02 6.291425e-03 9.976532e-01 4.461410e+01
9.973889e-01 6.646806e-05 -7.221820e-02 -1.589078e+00 -7.465633e-04 9.999556e-01 -9.390275e-03 -5.712192e-01 7.221438e-02 9.419671e-03 9.973447e-01 4.652247e+01
9.970427e-01 -5.110110e-03 -7.667914e-02 -1.740036e+00 4.317402e-03 9.999356e-01 -1.050019e-02 -6.069251e-01 7.672786e-02 1.013809e-02 9.970005e-01 4.843878e+01
9.965945e-01 -1.088514e-02 -8.173633e-02 -1.870213e+00 1.019235e-02 9.999086e-01 -8.888327e-03 -6.328134e-01 8.182561e-02 8.024972e-03 9.966144e-01 5.040090e+01
9.961872e-01 -1.317763e-02 -8.624028e-02 -2.019721e+00 1.265587e-02 9.998982e-01 -6.594044e-03 -6.700932e-01 8.631840e-02 5.477457e-03 9.962525e-01 5.237182e+01
9.958690e-01 -1.421571e-02 -8.968178e-02 -2.199944e+00 1.361237e-02 9.998804e-01 -7.335663e-03 -7.042517e-01 8.977534e-02 6.084578e-03 9.959435e-01 5.434908e+01
9.956167e-01 -1.083518e-02 -9.289760e-02 -2.392758e+00 1.027638e-02 9.999261e-01 -6.491457e-03 -7.350665e-01 9.296107e-02 5.508352e-03 9.956545e-01 5.624748e+01
9.954347e-01 -8.176077e-03 -9.509432e-02 -2.598184e+00 7.926996e-03 9.999641e-01 -2.996780e-03 -7.788297e-01 9.511540e-02 2.229287e-03 9.954638e-01 5.809628e+01
9.952871e-01 -5.510367e-03 -9.681566e-02 -2.808771e+00 5.464394e-03 9.999848e-01 -7.399898e-04 -8.269741e-01 9.681826e-02 2.074634e-04 9.953021e-01 6.001638e+01
9.950488e-01 -2.287598e-03 -9.936116e-02 -3.001803e+00 2.196941e-03 9.999971e-01 -1.021808e-03 -8.485715e-01 9.936320e-02 7.984585e-04 9.950509e-01 6.192633e+01
9.947916e-01 5.444225e-04 -1.019284e-01 -3.183188e+00 -8.616651e-04 9.999949e-01 -3.068404e-03 -8.654858e-01 1.019262e-01 3.140251e-03 9.947870e-01 6.388299e+01
9.945674e-01 3.579257e-03 -1.040329e-01 -3.389584e+00 -4.126247e-03 9.999788e-01 -5.043113e-03 -8.925354e-01 1.040126e-01 5.444981e-03 9.945611e-01 6.578508e+01
9.943585e-01 4.465151e-03 -1.059776e-01 -3.602940e+00 -4.938364e-03 9.999790e-01 -4.203218e-03 -9.221359e-01 1.059566e-01 4.702861e-03 9.943596e-01 6.772134e+01
9.941468e-01 2.192819e-03 -1.080158e-01 -3.814678e+00 -2.447900e-03 9.999945e-01 -2.228986e-03 -9.482561e-01 1.080103e-01 2.480351e-03 9.941467e-01 6.966093e+01
9.939274e-01 -1.294825e-03 -1.100299e-01 -4.078691e+00 1.260716e-03 9.999991e-01 -3.795630e-04 -9.961124e-01 1.100303e-01 2.385416e-04 9.939282e-01 7.166899e+01
9.935678e-01 -4.568055e-03 -1.131464e-01 -4.279412e+00 4.532483e-03 9.999896e-01 -5.716324e-04 -1.001398e+00 1.131479e-01 5.512123e-05 9.935782e-01 7.358058e+01
9.932886e-01 -6.216327e-03 -1.154948e-01 -4.519320e+00 5.994580e-03 9.999795e-01 -2.267214e-03 -1.012482e+00 1.155065e-01 1.559655e-03 9.933055e-01 7.551932e+01
9.930001e-01 -5.795320e-03 -1.179711e-01 -4.736098e+00 5.360335e-03 9.999776e-01 -4.004180e-03 -1.038831e+00 1.179917e-01 3.343787e-03 9.930090e-01 7.743255e+01
9.928056e-01 -4.905392e-03 -1.196370e-01 -4.974744e+00 4.400145e-03 9.999803e-01 -4.486964e-03 -1.072953e+00 1.196566e-01 3.928262e-03 9.928076e-01 7.934885e+01
9.926000e-01 -3.653291e-03 -1.213750e-01 -5.245665e+00 3.105224e-03 9.999841e-01 -4.704325e-03 -1.138580e+00 1.213902e-01 4.292616e-03 9.925956e-01 8.130291e+01
9.923443e-01 -5.016018e-03 -1.234001e-01 -5.497966e+00 4.335641e-03 9.999739e-01 -5.781503e-03 -1.168692e+00 1.234259e-01 5.202223e-03 9.923402e-01 8.326189e+01
9.920285e-01 -5.256641e-03 -1.259039e-01 -5.748052e+00 4.228363e-03 9.999555e-01 -8.433018e-03 -1.195653e+00 1.259427e-01 7.833427e-03 9.920066e-01 8.516170e+01
9.917941e-01 -5.061021e-03 -1.277455e-01 -6.025827e+00 3.993153e-03 9.999549e-01 -8.614058e-03 -1.267627e+00 1.277833e-01 8.033265e-03 9.917696e-01 8.698669e+01
9.915262e-01 -3.901997e-03 -1.298481e-01 -6.293374e+00 3.085443e-03 9.999742e-01 -6.489111e-03 -1.317591e+00 1.298701e-01 6.033485e-03 9.915127e-01 8.890100e+01
9.912800e-01 -3.121822e-03 -1.317353e-01 -6.581872e+00 2.495179e-03 9.999848e-01 -4.921638e-03 -1.356594e+00 1.317487e-01 4.550018e-03 9.912727e-01 9.083994e+01
9.909827e-01 -2.549480e-03 -1.339658e-01 -6.852448e+00 2.100663e-03 9.999917e-01 -3.491476e-03 -1.401050e+00 1.339736e-01 3.178576e-03 9.909798e-01 9.277146e+01
9.906248e-01 -1.907872e-03 -1.365973e-01 -7.121855e+00 1.397837e-03 9.999917e-01 -3.829687e-03 -1.434517e+00 1.366035e-01 3.602842e-03 9.906193e-01 9.470329e+01
9.901865e-01 -2.811940e-03 -1.397240e-01 -7.374201e+00 2.265661e-03 9.999892e-01 -4.068611e-03 -1.458398e+00 1.397339e-01 3.712116e-03 9.901821e-01 9.669048e+01
9.896690e-01 -4.978398e-03 -1.432845e-01 -7.643037e+00 4.439320e-03 9.999818e-01 -4.081746e-03 -1.470651e+00 1.433022e-01 3.403492e-03 9.896731e-01 9.868106e+01
9.892303e-01 -7.028653e-03 -1.461989e-01 -7.931454e+00 6.524148e-03 9.999710e-01 -3.930016e-03 -1.490575e+00 1.462222e-01 2.933868e-03 9.892474e-01 1.006207e+02
9.887886e-01 -8.157971e-03 -1.490994e-01 -8.230410e+00 7.861679e-03 9.999658e-01 -2.576493e-03 -1.531039e+00 1.491154e-01 1.375434e-03 9.888189e-01 1.025554e+02
9.882920e-01 -1.091511e-02 -1.521831e-01 -8.541851e+00 1.082644e-02 9.999404e-01 -1.411289e-03 -1.559782e+00 1.521895e-01 -2.528358e-04 9.883513e-01 1.045413e+02
9.877058e-01 -1.274556e-02 -1.558038e-01 -8.837810e+00 1.250947e-02 9.999186e-01 -2.495774e-03 -1.587063e+00 1.558229e-01 5.160689e-04 9.877849e-01 1.065126e+02
9.871536e-01 -1.265083e-02 -1.592722e-01 -9.152878e+00 1.211139e-02 9.999172e-01 -4.357157e-03 -1.624937e+00 1.593141e-01 2.372176e-03 9.872251e-01 1.084615e+02
9.867031e-01 -1.112934e-02 -1.621517e-01 -9.474129e+00 1.033353e-02 9.999301e-01 -5.750407e-03 -1.668699e+00 1.622044e-01 3.998345e-03 9.867491e-01 1.103425e+02
9.861650e-01 -9.777416e-03 -1.654780e-01 -9.798128e+00 9.348969e-03 9.999506e-01 -3.367865e-03 -1.698844e+00 1.655028e-01 1.774222e-03 9.862077e-01 1.123388e+02
9.855709e-01 -1.099326e-02 -1.689056e-01 -1.012913e+01 1.121041e-02 9.999371e-01 3.320376e-04 -1.720158e+00 1.688913e-01 -2.220748e-03 9.856322e-01 1.143102e+02
9.849262e-01 -1.510938e-02 -1.723142e-01 -1.045471e+01 1.551632e-02 9.998791e-01 1.014874e-03 -1.746827e+00 1.722780e-01 -3.673258e-03 9.850415e-01 1.162475e+02
9.843464e-01 -1.678537e-02 -1.754433e-01 -1.078346e+01 1.668263e-02 9.998587e-01 -2.060578e-03 -1.770816e+00 1.754531e-01 -8.985334e-04 9.844874e-01 1.182111e+02
9.838341e-01 -1.958236e-02 -1.780084e-01 -1.113614e+01 1.935326e-02 9.998081e-01 -3.023459e-03 -1.796675e+00 1.780334e-01 -4.704598e-04 9.840243e-01 1.201432e+02
9.832000e-01 -2.222755e-02 -1.811734e-01 -1.148917e+01 2.182957e-02 9.997529e-01 -4.190606e-03 -1.836801e+00 1.812217e-01 1.652679e-04 9.834422e-01 1.220880e+02
9.827144e-01 -2.326072e-02 -1.836607e-01 -1.185882e+01 2.239618e-02 9.997262e-01 -6.780414e-03 -1.861987e+00 1.837681e-01 2.549912e-03 9.829663e-01 1.240266e+02
9.822432e-01 -1.720328e-02 -1.868215e-01 -1.223875e+01 1.605222e-02 9.998417e-01 -7.672409e-03 -1.903274e+00 1.869240e-01 4.537270e-03 9.823639e-01 1.259771e+02
9.820053e-01 -5.948044e-03 -1.887598e-01 -1.262843e+01 5.369931e-03 9.999792e-01 -3.573956e-03 -1.924750e+00 1.887771e-01 2.496017e-03 9.820168e-01 1.279552e+02
9.816979e-01 2.973672e-03 -1.904218e-01 -1.301546e+01 -2.776562e-03 9.999953e-01 1.301916e-03 -1.941006e+00 1.904248e-01 -7.493705e-04 9.817015e-01 1.298777e+02
9.812970e-01 1.820847e-03 -1.924912e-01 -1.340396e+01 -1.663689e-03 9.999981e-01 9.780779e-04 -1.948062e+00 1.924927e-01 -6.395394e-04 9.812982e-01 1.318661e+02
9.807821e-01 -4.758030e-03 -1.950483e-01 -1.379393e+01 4.855881e-03 9.999882e-01 2.352066e-05 -1.971617e+00 1.950458e-01 -9.701998e-04 9.807936e-01 1.338427e+02
9.803160e-01 -1.073944e-02 -1.971427e-01 -1.417757e+01 1.051556e-02 9.999423e-01 -2.182437e-03 -1.991877e+00 1.971548e-01 6.641157e-05 9.803724e-01 1.358605e+02
9.802366e-01 -1.205895e-02 -1.974608e-01 -1.458738e+01 1.125731e-02 9.999232e-01 -5.181746e-03 -2.003258e+00 1.975082e-01 2.856459e-03 9.802971e-01 1.377833e+02
9.802410e-01 -1.006213e-02 -1.975510e-01 -1.499170e+01 9.144488e-03 9.999427e-01 -5.556779e-03 -2.039203e+00 1.975956e-01 3.640479e-03 9.802769e-01 1.397458e+02
9.802439e-01 -6.364456e-03 -1.976902e-01 -1.539957e+01 5.634643e-03 9.999751e-01 -4.253995e-03 -2.064073e+00 1.977123e-01 3.056039e-03 9.802553e-01 1.416973e+02
9.802106e-01 -5.506944e-03 -1.978809e-01 -1.580187e+01 5.107726e-03 9.999838e-01 -2.527825e-03 -2.091602e+00 1.978916e-01 1.467079e-03 9.802228e-01 1.436772e+02
9.799885e-01 -7.736975e-03 -1.989037e-01 -1.620095e+01 7.041157e-03 9.999664e-01 -4.205362e-03 -2.098064e+00 1.989296e-01 2.720694e-03 9.800100e-01 1.456010e+02
9.794980e-01 -8.286908e-03 -2.012834e-01 -1.658938e+01 7.214416e-03 9.999556e-01 -6.061275e-03 -2.128895e+00 2.013247e-01 4.484864e-03 9.795143e-01 1.475224e+02
9.791808e-01 -4.907389e-03 -2.029310e-01 -1.700944e+01 4.273601e-03 9.999845e-01 -3.561236e-03 -2.154732e+00 2.029453e-01 2.619848e-03 9.791866e-01 1.494557e+02
9.788617e-01 -2.255105e-03 -2.045106e-01 -1.744234e+01 1.718976e-03 9.999946e-01 -2.799138e-03 -2.184962e+00 2.045158e-01 2.388420e-03 9.788603e-01 1.514316e+02
9.785311e-01 -9.194779e-04 -2.060971e-01 -1.786169e+01 -3.161957e-04 9.999822e-01 -5.962573e-03 -2.212077e+00 2.060989e-01 5.899730e-03 9.785134e-01 1.534232e+02
9.782740e-01 -1.540014e-03 -2.073106e-01 -1.828658e+01 -1.466998e-04 9.999670e-01 -8.120551e-03 -2.248615e+00 2.073163e-01 7.974537e-03 9.782415e-01 1.553686e+02
9.778560e-01 -3.744243e-03 -2.092454e-01 -1.869487e+01 2.007368e-03 9.999618e-01 -8.512408e-03 -2.282606e+00 2.092693e-01 7.903876e-03 9.778261e-01 1.572869e+02
9.774534e-01 -5.250274e-03 -2.110862e-01 -1.911526e+01 3.739469e-03 9.999645e-01 -7.555826e-03 -2.315252e+00 2.111184e-01 6.596117e-03 9.774382e-01 1.592590e+02
9.770536e-01 -7.453824e-03 -2.128629e-01 -1.954302e+01 6.244532e-03 9.999603e-01 -6.352847e-03 -2.344170e+00 2.129018e-01 4.877843e-03 9.770614e-01 1.612023e+02
9.767088e-01 -7.097346e-03 -2.144517e-01 -1.997678e+01 5.810545e-03 9.999611e-01 -6.630209e-03 -2.376961e+00 2.144904e-01 5.229702e-03 9.767121e-01 1.631674e+02
9.762602e-01 -7.397800e-03 -2.164749e-01 -2.040210e+01 6.351592e-03 9.999645e-01 -5.528270e-03 -2.421508e+00 2.165081e-01 4.022070e-03 9.762725e-01 1.651163e+02
9.759142e-01 -7.309305e-03 -2.180322e-01 -2.084248e+01 6.169706e-03 9.999635e-01 -5.907083e-03 -2.453660e+00 2.180675e-01 4.419611e-03 9.759237e-01 1.670889e+02
9.755384e-01 -5.767181e-03 -2.197535e-01 -2.128645e+01 4.520114e-03 9.999707e-01 -6.177230e-03 -2.482993e+00 2.197827e-01 5.032814e-03 9.755359e-01 1.690360e+02
9.751655e-01 -4.256605e-03 -2.214365e-01 -2.172837e+01 2.857526e-03 9.999739e-01 -6.638171e-03 -2.511481e+00 2.214589e-01 5.840555e-03 9.751522e-01 1.709755e+02
9.747586e-01 -4.783102e-03 -2.232100e-01 -2.218211e+01 3.337682e-03 9.999710e-01 -6.852420e-03 -2.534856e+00 2.232363e-01 5.934451e-03 9.747463e-01 1.729392e+02
9.743695e-01 -5.876690e-03 -2.248767e-01 -2.264606e+01 4.411158e-03 9.999656e-01 -7.018916e-03 -2.571441e+00 2.249102e-01 5.847051e-03 9.743619e-01 1.749088e+02
9.739096e-01 -7.909994e-03 -2.267983e-01 -2.310675e+01 6.081387e-03 9.999431e-01 -8.760302e-03 -2.610958e+00 2.268547e-01 7.152494e-03 9.739023e-01 1.768848e+02
9.735224e-01 -8.937128e-03 -2.284167e-01 -2.357630e+01 6.981918e-03 9.999318e-01 -9.366495e-03 -2.649252e+00 2.284849e-01 7.523706e-03 9.735184e-01 1.788127e+02
9.731011e-01 -8.942489e-03 -2.302051e-01 -2.403727e+01 7.166411e-03 9.999378e-01 -8.550158e-03 -2.691143e+00 2.302672e-01 6.670424e-03 9.731046e-01 1.807768e+02
9.728074e-01 -8.385470e-03 -2.314636e-01 -2.450304e+01 6.513807e-03 9.999396e-01 -8.849273e-03 -2.735776e+00 2.315238e-01 7.100930e-03 9.728033e-01 1.827190e+02
9.724495e-01 -8.711874e-03 -2.329507e-01 -2.498140e+01 6.701568e-03 9.999332e-01 -9.419828e-03 -2.769739e+00 2.330172e-01 7.599173e-03 9.724429e-01 1.846768e+02
9.719617e-01 -1.042964e-02 -2.349078e-01 -2.545734e+01 8.302219e-03 9.999151e-01 -1.004359e-02 -2.816412e+00 2.349926e-01 7.811732e-03 9.719658e-01 1.866595e+02
9.715455e-01 -1.202190e-02 -2.365476e-01 -2.592720e+01 1.015873e-02 9.999070e-01 -9.093774e-03 -2.861047e+00 2.366349e-01 6.431993e-03 9.715773e-01 1.885920e+02
9.711432e-01 -1.127262e-02 -2.382306e-01 -2.641151e+01 9.622805e-03 9.999210e-01 -8.087162e-03 -2.897294e+00 2.383030e-01 5.561345e-03 9.711749e-01 1.905323e+02
9.707297e-01 -9.570505e-03 -2.399839e-01 -2.688825e+01 8.096245e-03 9.999418e-01 -7.128323e-03 -2.937928e+00 2.400382e-01 4.976705e-03 9.707507e-01 1.924593e+02
9.704269e-01 -8.765969e-03 -2.412361e-01 -2.738793e+01 6.850685e-03 9.999380e-01 -8.777033e-03 -2.963560e+00 2.412981e-01 6.864837e-03 9.704268e-01 1.943956e+02
9.699503e-01 -9.596809e-03 -2.431138e-01 -2.787336e+01 7.584232e-03 9.999288e-01 -9.212955e-03 -3.012618e+00 2.431849e-01 7.092277e-03 9.699540e-01 1.963408e+02
9.695868e-01 -1.009737e-02 -2.445393e-01 -2.836476e+01 8.247953e-03 9.999291e-01 -8.585734e-03 -3.059013e+00 2.446087e-01 6.307666e-03 9.696014e-01 1.983005e+02
9.695192e-01 -8.897584e-03 -2.448536e-01 -2.885602e+01 7.226606e-03 9.999441e-01 -7.721977e-03 -3.107539e+00 2.449086e-01 5.717145e-03 9.695293e-01 2.001915e+02
9.694854e-01 -8.590442e-03 -2.449986e-01 -2.935713e+01 6.540311e-03 9.999365e-01 -9.180299e-03 -3.147472e+00 2.450619e-01 7.297798e-03 9.694800e-01 2.021310e+02
9.694043e-01 -7.532925e-03 -2.453541e-01 -2.985015e+01 5.034667e-03 9.999289e-01 -1.080790e-02 -3.179327e+00 2.454181e-01 9.241944e-03 9.693733e-01 2.040700e+02
9.692698e-01 -7.740696e-03 -2.458782e-01 -3.034189e+01 5.148181e-03 9.999242e-01 -1.118494e-02 -3.220154e+00 2.459462e-01 9.575395e-03 9.692362e-01 2.060038e+02
9.691187e-01 -8.178461e-03 -2.464589e-01 -3.082809e+01 5.572102e-03 9.999210e-01 -1.127079e-02 -3.264750e+00 2.465316e-01 9.549439e-03 9.690877e-01 2.079297e+02
9.688574e-01 -9.503928e-03 -2.474369e-01 -3.131512e+01 7.063560e-03 9.999173e-01 -1.074844e-02 -3.314464e+00 2.475186e-01 8.665916e-03 9.688444e-01 2.098589e+02
9.686468e-01 -9.155814e-03 -2.482730e-01 -3.180780e+01 6.561629e-03 9.999149e-01 -1.127442e-02 -3.369305e+00 2.483551e-01 9.291856e-03 9.686245e-01 2.117631e+02
9.685079e-01 -8.586884e-03 -2.488346e-01 -3.232379e+01 6.104257e-03 9.999236e-01 -1.074693e-02 -3.413625e+00 2.489078e-01 8.889533e-03 9.684864e-01 2.137205e+02
9.682846e-01 -8.924038e-03 -2.496905e-01 -3.281788e+01 6.693559e-03 9.999298e-01 -9.780670e-03 -3.466920e+00 2.497603e-01 7.799154e-03 9.682763e-01 2.156056e+02
9.678975e-01 -1.034745e-02 -2.511323e-01 -3.332213e+01 7.680015e-03 9.999032e-01 -1.159940e-02 -3.506895e+00 2.512280e-01 9.298329e-03 9.678833e-01 2.175548e+02
9.674867e-01 -1.094623e-02 -2.526849e-01 -3.381980e+01 7.853844e-03 9.998815e-01 -1.324356e-02 -3.539316e+00 2.527999e-01 1.082842e-02 9.674580e-01 2.194564e+02
9.673134e-01 -1.164351e-02 -2.533163e-01 -3.432761e+01 8.076146e-03 9.998531e-01 -1.511800e-02 -3.594106e+00 2.534551e-01 1.257802e-02 9.672654e-01 2.213692e+02
9.672664e-01 -1.142007e-02 -2.535059e-01 -3.483306e+01 8.140725e-03 9.998691e-01 -1.398123e-02 -3.656241e+00 2.536324e-01 1.145986e-02 9.672328e-01 2.232791e+02
9.671162e-01 -1.132887e-02 -2.540825e-01 -3.533754e+01 8.300118e-03 9.998812e-01 -1.298926e-02 -3.706579e+00 2.541995e-01 1.045321e-02 9.670953e-01 2.252011e+02
9.669359e-01 -1.152849e-02 -2.547590e-01 -3.585046e+01 8.813657e-03 9.998916e-01 -1.179546e-02 -3.761190e+00 2.548674e-01 9.160095e-03 9.669326e-01 2.271797e+02
9.668822e-01 -1.142002e-02 -2.549674e-01 -3.635685e+01 8.630972e-03 9.998901e-01 -1.205499e-02 -3.802663e+00 2.550770e-01 9.455136e-03 9.668745e-01 2.290829e+02
9.667406e-01 -1.245580e-02 -2.554556e-01 -3.687203e+01 9.572680e-03 9.998757e-01 -1.252647e-02 -3.847083e+00 2.555799e-01 9.664456e-03 9.667396e-01 2.310395e+02
9.665335e-01 -1.473028e-02 -2.561173e-01 -3.738611e+01 1.143536e-02 9.998316e-01 -1.434946e-02 -3.890242e+00 2.562856e-01 1.094044e-02 9.665392e-01 2.329317e+02
9.663817e-01 -1.635053e-02 -2.565914e-01 -3.790718e+01 1.305035e-02 9.998088e-01 -1.455930e-02 -3.937527e+00 2.567804e-01 1.072123e-02 9.664103e-01 2.348508e+02
9.660549e-01 -1.676321e-02 -2.577923e-01 -3.842226e+01 1.379302e-02 9.998161e-01 -1.332589e-02 -3.989519e+00 2.579683e-01 9.317809e-03 9.661084e-01 2.367840e+02
9.657959e-01 -1.733899e-02 -2.587229e-01 -3.894594e+01 1.460282e-02 9.998153e-01 -1.249383e-02 -4.042032e+00 2.588918e-01 8.288409e-03 9.658708e-01 2.387225e+02
9.653692e-01 -1.890123e-02 -2.602018e-01 -3.947612e+01 1.612934e-02 9.997882e-01 -1.278416e-02 -4.095413e+00 2.603883e-01 8.144554e-03 9.654696e-01 2.406996e+02
9.647611e-01 -2.099958e-02 -2.622879e-01 -4.000292e+01 1.776688e-02 9.997342e-01 -1.469073e-02 -4.136606e+00 2.625267e-01 9.513003e-03 9.648778e-01 2.426458e+02
9.642792e-01 -2.220789e-02 -2.639553e-01 -4.054349e+01 1.865434e-02 9.996986e-01 -1.596182e-02 -4.177362e+00 2.642302e-01 1.046774e-02 9.644028e-01 2.445987e+02
9.637784e-01 -2.280419e-02 -2.657278e-01 -4.107440e+01 1.927493e-02 9.996881e-01 -1.588210e-02 -4.232317e+00 2.660071e-01 1.018494e-02 9.639173e-01 2.465455e+02
9.635456e-01 -2.185852e-02 -2.666497e-01 -4.162245e+01 1.819155e-02 9.997030e-01 -1.621471e-02 -4.285784e+00 2.669249e-01 1.077284e-02 9.636571e-01 2.485103e+02
9.633197e-01 -2.177406e-02 -2.674716e-01 -4.217172e+01 1.762929e-02 9.996846e-01 -1.788805e-02 -4.332086e+00 2.677767e-01 1.251658e-02 9.633997e-01 2.504688e+02
9.628141e-01 -2.270090e-02 -2.692095e-01 -4.270712e+01 1.842469e-02 9.996609e-01 -1.840075e-02 -4.380428e+00 2.695359e-01 1.275640e-02 9.629058e-01 2.524041e+02
9.625675e-01 -2.284468e-02 -2.700777e-01 -4.328512e+01 1.889098e-02 9.996731e-01 -1.722975e-02 -4.421430e+00 2.703830e-01 1.148276e-02 9.626844e-01 2.543652e+02
9.621925e-01 -2.274423e-02 -2.714189e-01 -4.382547e+01 1.899400e-02 9.996845e-01 -1.643645e-02 -4.476053e+00 2.717071e-01 1.065970e-02 9.623210e-01 2.562841e+02
9.620827e-01 -2.313318e-02 -2.717752e-01 -4.440117e+01 1.931358e-02 9.996736e-01 -1.672105e-02 -4.520818e+00 2.720734e-01 1.083808e-02 9.622155e-01 2.582356e+02
9.618970e-01 -2.585544e-02 -2.721869e-01 -4.497252e+01 2.156113e-02 9.995916e-01 -1.875658e-02 -4.569992e+00 2.725607e-01 1.217324e-02 9.620616e-01 2.601533e+02
9.616264e-01 -2.688843e-02 -2.730416e-01 -4.552214e+01 2.244197e-02 9.995600e-01 -1.939560e-02 -4.632823e+00 2.734430e-01 1.252373e-02 9.618067e-01 2.620952e+02
9.614495e-01 -2.783442e-02 -2.735693e-01 -4.608225e+01 2.345961e-02 9.995394e-01 -1.925056e-02 -4.692428e+00 2.739791e-01 1.209061e-02 9.616596e-01 2.640498e+02
9.616342e-01 -2.770447e-02 -2.729326e-01 -4.665447e+01 2.406961e-02 9.995715e-01 -1.665777e-02 -4.764230e+00 2.732771e-01 9.449298e-03 9.618889e-01 2.660109e+02
9.617218e-01 -2.842022e-02 -2.725500e-01 -4.720751e+01 2.517084e-02 9.995644e-01 -1.541184e-02 -4.824221e+00 2.728692e-01 7.961587e-03 9.620182e-01 2.679479e+02
9.618391e-01 -2.989951e-02 -2.719773e-01 -4.777386e+01 2.702534e-02 9.995323e-01 -1.430816e-02 -4.884326e+00 2.722779e-01 6.411864e-03 9.621973e-01 2.699129e+02
9.618957e-01 -3.269441e-02 -2.714547e-01 -4.833937e+01 3.014792e-02 9.994536e-01 -1.354695e-02 -4.945434e+00 2.717493e-01 4.846961e-03 9.623559e-01 2.718565e+02
9.617295e-01 -3.382012e-02 -2.719055e-01 -4.886245e+01 3.132363e-02 9.994179e-01 -1.351783e-02 -4.998702e+00 2.722044e-01 4.483424e-03 9.622290e-01 2.737913e+02
9.615852e-01 -3.222394e-02 -2.726086e-01 -4.942511e+01 2.928422e-02 9.994609e-01 -1.484653e-02 -5.050450e+00 2.729400e-01 6.293074e-03 9.620105e-01 2.757589e+02
9.614876e-01 -3.245066e-02 -2.729257e-01 -4.998670e+01 2.901704e-02 9.994409e-01 -1.660891e-02 -5.108065e+00 2.733121e-01 8.049761e-03 9.618917e-01 2.776919e+02
9.610852e-01 -3.262344e-02 -2.743190e-01 -5.053714e+01 2.911822e-02 9.994341e-01 -1.684130e-02 -5.161022e+00 2.747132e-01 8.198246e-03 9.614913e-01 2.796163e+02
9.607033e-01 -3.203268e-02 -2.757229e-01 -5.109742e+01 2.843166e-02 9.994503e-01 -1.704856e-02 -5.217686e+00 2.761175e-01 8.539351e-03 9.610860e-01 2.815563e+02
9.604387e-01 -3.186568e-02 -2.766624e-01 -5.166656e+01 2.820139e-02 9.994540e-01 -1.721442e-02 -5.282867e+00 2.770599e-01 8.731136e-03 9.608130e-01 2.835160e+02
9.601362e-01 -3.139168e-02 -2.777643e-01 -5.222349e+01 2.797538e-02 9.994764e-01 -1.625502e-02 -5.344071e+00 2.781292e-01 7.836474e-03 9.605117e-01 2.854570e+02
9.600810e-01 -2.903410e-02 -2.782111e-01 -5.278740e+01 2.580744e-02 9.995505e-01 -1.525395e-02 -5.404806e+00 2.785290e-01 7.465108e-03 9.603988e-01 2.873737e+02
9.600782e-01 -2.791696e-02 -2.783351e-01 -5.334751e+01 2.451010e-02 9.995761e-01 -1.571310e-02 -5.472065e+00 2.786558e-01 8.263782e-03 9.603555e-01 2.893045e+02
9.600528e-01 -2.857079e-02 -2.783566e-01 -5.390477e+01 2.466673e-02 9.995422e-01 -1.751832e-02 -5.533138e+00 2.787297e-01 9.952359e-03 9.603180e-01 2.912495e+02
9.598628e-01 -2.930735e-02 -2.789347e-01 -5.446590e+01 2.533334e-02 9.995198e-01 -1.784197e-02 -5.583404e+00 2.793237e-01 1.005950e-02 9.601443e-01 2.931827e+02
9.598016e-01 -2.915714e-02 -2.791607e-01 -5.503229e+01 2.544048e-02 9.995330e-01 -1.692826e-02 -5.637010e+00 2.795239e-01 9.145790e-03 9.600952e-01 2.951241e+02
9.598739e-01 -2.857717e-02 -2.789721e-01 -5.560434e+01 2.477616e-02 9.995460e-01 -1.714225e-02 -5.692547e+00 2.793354e-01 9.542542e-03 9.601462e-01 2.970829e+02
9.599174e-01 -2.841667e-02 -2.788387e-01 -5.617134e+01 2.443367e-02 9.995439e-01 -1.775005e-02 -5.753364e+00 2.792159e-01 1.022553e-02 9.601739e-01 2.990347e+02
9.598569e-01 -3.044742e-02 -2.788328e-01 -5.674230e+01 2.603707e-02 9.994706e-01 -1.950788e-02 -5.812921e+00 2.792792e-01 1.146478e-02 9.601415e-01 3.009713e+02
9.597383e-01 -3.220295e-02 -2.790437e-01 -5.730150e+01 2.780219e-02 9.994190e-01 -1.971522e-02 -5.865877e+00 2.795165e-01 1.116343e-02 9.600760e-01 3.029170e+02
9.596855e-01 -3.238220e-02 -2.792045e-01 -5.786840e+01 2.788214e-02 9.994096e-01 -2.007489e-02 -5.927326e+00 2.796897e-01 1.148076e-02 9.600218e-01 3.048581e+02
9.596851e-01 -3.324592e-02 -2.791044e-01 -5.843895e+01 2.833269e-02 9.993647e-01 -2.162037e-02 -5.998920e+00 2.796459e-01 1.284096e-02 9.600173e-01 3.068132e+02
9.597501e-01 -3.277787e-02 -2.789361e-01 -5.901826e+01 2.883138e-02 9.994179e-01 -1.824028e-02 -6.059309e+00 2.793716e-01 9.463993e-03 9.601364e-01 3.088112e+02
9.598201e-01 -3.330430e-02 -2.786328e-01 -5.959077e+01 2.966776e-02 9.994108e-01 -1.725914e-02 -6.113826e+00 2.790434e-01 8.299262e-03 9.602426e-01 3.107487e+02
9.598179e-01 -3.353661e-02 -2.786125e-01 -6.016213e+01 2.937385e-02 9.993859e-01 -1.910350e-02 -6.163575e+00 2.790821e-01 1.015196e-02 9.602136e-01 3.126754e+02
9.597503e-01 -3.256619e-02 -2.789601e-01 -6.070696e+01 2.824583e-02 9.994109e-01 -1.949402e-02 -6.210728e+00 2.794306e-01 1.082993e-02 9.601048e-01 3.146134e+02
9.599475e-01 -3.113626e-02 -2.784444e-01 -6.130763e+01 2.710412e-02 9.994647e-01 -1.831985e-02 -6.257265e+00 2.788657e-01 1.003911e-02 9.602776e-01 3.165953e+02
9.598961e-01 -3.124219e-02 -2.786099e-01 -6.187433e+01 2.668505e-02 9.994411e-01 -2.013516e-02 -6.328994e+00 2.790832e-01 1.189294e-02 9.601933e-01 3.184998e+02
9.599186e-01 -3.005787e-02 -2.786624e-01 -6.245170e+01 2.437250e-02 9.994185e-01 -2.384527e-02 -6.394091e+00 2.792171e-01 1.609782e-02 9.600930e-01 3.204601e+02
9.599429e-01 -2.893554e-02 -2.786976e-01 -6.302403e+01 2.301186e-02 9.994349e-01 -2.450367e-02 -6.467508e+00 2.792491e-01 1.710877e-02 9.600663e-01 3.224126e+02
9.598857e-01 -2.739006e-02 -2.790507e-01 -6.359496e+01 2.167151e-02 9.994876e-01 -2.355789e-02 -6.534166e+00 2.795530e-01 1.656543e-02 9.599874e-01 3.243424e+02
9.597456e-01 -2.751158e-02 -2.795203e-01 -6.415859e+01 2.210287e-02 9.995028e-01 -2.248411e-02 -6.603699e+00 2.799999e-01 1.540083e-02 9.598765e-01 3.262925e+02
9.596974e-01 -2.750750e-02 -2.796859e-01 -6.474308e+01 2.204113e-02 9.995000e-01 -2.267160e-02 -6.663423e+00 2.801697e-01 1.559329e-02 9.598238e-01 3.282862e+02
9.596144e-01 -2.816534e-02 -2.799053e-01 -6.530031e+01 2.257917e-02 9.994767e-01 -2.316249e-02 -6.732331e+00 2.804112e-01 1.590703e-02 9.597482e-01 3.302053e+02
9.595671e-01 -2.738566e-02 -2.801445e-01 -6.585311e+01 2.128615e-02 9.994660e-01 -2.479272e-02 -6.795357e+00 2.806739e-01 1.782708e-02 9.596376e-01 3.321071e+02
9.595901e-01 -2.830588e-02 -2.799744e-01 -6.641836e+01 2.185246e-02 9.994193e-01 -2.614541e-02 -6.864431e+00 2.805519e-01 1.897075e-02 9.596514e-01 3.340583e+02
9.595871e-01 -2.921303e-02 -2.798915e-01 -6.698503e+01 2.270504e-02 9.993918e-01 -2.646666e-02 -6.949535e+00 2.804944e-01 1.904212e-02 9.596668e-01 3.359747e+02
9.594363e-01 -3.078142e-02 -2.802402e-01 -6.756252e+01 2.424283e-02 9.993476e-01 -2.676949e-02 -7.023610e+00 2.808813e-01 1.888980e-02 9.595566e-01 3.379326e+02
9.592548e-01 -3.183594e-02 -2.807430e-01 -6.812863e+01 2.533260e-02 9.993207e-01 -2.676431e-02 -7.095223e+00 2.814044e-01 1.856185e-02 9.594097e-01 3.398788e+02
9.591466e-01 -3.197794e-02 -2.810964e-01 -6.869649e+01 2.576629e-02 9.993359e-01 -2.576713e-02 -7.163854e+00 2.817337e-01 1.747164e-02 9.593336e-01 3.417991e+02
9.589685e-01 -3.223821e-02 -2.816737e-01 -6.926476e+01 2.590219e-02 9.993214e-01 -2.618969e-02 -7.236958e+00 2.823268e-01 1.781912e-02 9.591528e-01 3.437309e+02
9.588571e-01 -3.333872e-02 -2.819247e-01 -6.983619e+01 2.651291e-02 9.992565e-01 -2.799274e-02 -7.311318e+00 2.826483e-01 1.936639e-02 9.590281e-01 3.456645e+02
9.587574e-01 -3.261441e-02 -2.823483e-01 -7.041395e+01 2.561174e-02 9.992668e-01 -2.845796e-02 -7.373945e+00 2.830694e-01 2.005284e-02 9.588898e-01 3.476360e+02
9.586135e-01 -3.240933e-02 -2.828600e-01 -7.098814e+01 2.568473e-02 9.992931e-01 -2.745066e-02 -7.444275e+00 2.835497e-01 1.904939e-02 9.587683e-01 3.495613e+02
9.586295e-01 -3.259227e-02 -2.827847e-01 -7.156805e+01 2.581464e-02 9.992840e-01 -2.766153e-02 -7.512604e+00 2.834838e-01 1.921718e-02 9.587845e-01 3.515152e+02
9.585890e-01 -3.293473e-02 -2.828824e-01 -7.213789e+01 2.606350e-02 9.992675e-01 -2.802020e-02 -7.593581e+00 2.835981e-01 1.948695e-02 9.587452e-01 3.534428e+02
9.586250e-01 -3.336293e-02 -2.827101e-01 -7.272516e+01 2.605819e-02 9.992233e-01 -2.956027e-02 -7.669108e+00 2.834768e-01 2.097030e-02 9.587498e-01 3.553993e+02
9.585426e-01 -3.330070e-02 -2.829966e-01 -7.329572e+01 2.587512e-02 9.992168e-01 -2.993752e-02 -7.742626e+00 2.837719e-01 2.137382e-02 9.586536e-01 3.573238e+02
9.586635e-01 -3.268253e-02 -2.826591e-01 -7.389175e+01 2.542075e-02 9.992467e-01 -2.932145e-02 -7.828965e+00 2.834045e-01 2.092400e-02 9.587722e-01 3.593379e+02
9.587459e-01 -3.257028e-02 -2.823926e-01 -7.447853e+01 2.517702e-02 9.992396e-01 -2.977116e-02 -7.912371e+00 2.831475e-01 2.143317e-02 9.588369e-01 3.613024e+02
9.587224e-01 -3.380118e-02 -2.823276e-01 -7.505594e+01 2.599193e-02 9.991701e-01 -3.136103e-02 -7.985850e+00 2.831533e-01 2.272828e-02 9.588053e-01 3.632296e+02
9.586917e-01 -3.362549e-02 -2.824526e-01 -7.562415e+01 2.565047e-02 9.991623e-01 -3.188651e-02 -8.057717e+00 2.832882e-01 2.332429e-02 9.587512e-01 3.651727e+02
9.584085e-01 -3.599989e-02 -2.831205e-01 -7.619839e+01 2.819988e-02 9.991034e-01 -3.157880e-02 -8.144397e+00 2.840035e-01 2.228142e-02 9.585643e-01 3.671626e+02
9.582343e-01 -3.639373e-02 -2.836590e-01 -7.676998e+01 2.891170e-02 9.991159e-01 -3.052033e-02 -8.231120e+00 2.845190e-01 2.104456e-02 9.584394e-01 3.691364e+02
9.580754e-01 -3.743147e-02 -2.840606e-01 -7.735740e+01 2.976072e-02 9.990677e-01 -3.127349e-02 -8.313231e+00 2.849664e-01 2.150851e-02 9.582962e-01 3.710771e+02
9.579589e-01 -3.853251e-02 -2.843061e-01 -7.796169e+01 3.043416e-02 9.989968e-01 -3.284902e-02 -8.404288e+00 2.852866e-01 2.281540e-02 9.581707e-01 3.730111e+02
9.576282e-01 -4.031451e-02 -2.851719e-01 -7.854792e+01 3.208967e-02 9.989248e-01 -3.345769e-02 -8.494316e+00 2.862141e-01 2.288895e-02 9.578923e-01 3.749495e+02
9.576029e-01 -3.947899e-02 -2.853736e-01 -7.916011e+01 3.151642e-02 9.989766e-01 -3.244300e-02 -8.577101e+00 2.863623e-01 2.207356e-02 9.578671e-01 3.769100e+02
9.573827e-01 -3.826549e-02 -2.862762e-01 -7.974999e+01 3.084902e-02 9.990624e-01 -3.037380e-02 -8.668014e+00 2.871700e-01 2.024801e-02 9.576656e-01 3.788672e+02
9.572260e-01 -3.734980e-02 -2.869203e-01 -8.033944e+01 3.055379e-02 9.991372e-01 -2.812869e-02 -8.766311e+00 2.877234e-01 1.815901e-02 9.575414e-01 3.808227e+02
9.570730e-01 -3.732988e-02 -2.874330e-01 -8.094265e+01 3.040354e-02 9.991306e-01 -2.852498e-02 -8.850216e+00 2.882480e-01 1.856151e-02 9.573759e-01 3.827932e+02
9.565514e-01 -3.802261e-02 -2.890739e-01 -8.151555e+01 3.048600e-02 9.990688e-01 -3.053121e-02 -8.939064e+00 2.899655e-01 2.039197e-02 9.568198e-01 3.847159e+02
9.560206e-01 -3.878715e-02 -2.907237e-01 -8.210134e+01 3.069543e-02 9.990053e-01 -3.234378e-02 -9.013933e+00 2.916890e-01 2.199743e-02 9.562602e-01 3.867048e+02
9.554640e-01 -3.908400e-02 -2.925081e-01 -8.269845e+01 3.121590e-02 9.990155e-01 -3.151999e-02 -9.104718e+00 2.934521e-01 2.098531e-02 9.557434e-01 3.886551e+02
9.550363e-01 -4.046499e-02 -2.937145e-01 -8.329841e+01 3.256721e-02 9.989657e-01 -3.173240e-02 -9.180372e+00 2.946948e-01 2.074013e-02 9.553663e-01 3.905795e+02
9.544950e-01 -4.022597e-02 -2.955015e-01 -8.389798e+01 3.212145e-02 9.989641e-01 -3.223176e-02 -9.264000e+00 2.964919e-01 2.127312e-02 9.547984e-01 3.925132e+02
9.539602e-01 -4.098267e-02 -2.971202e-01 -8.448271e+01 3.231839e-02 9.988986e-01 -3.401681e-02 -9.346778e+00 2.981871e-01 2.284823e-02 9.542339e-01 3.943920e+02
9.535120e-01 -3.960401e-02 -2.987414e-01 -8.510166e+01 3.107706e-02 9.989641e-01 -3.324159e-02 -9.437928e+00 2.997484e-01 2.241225e-02 9.537550e-01 3.963428e+02
9.531345e-01 -3.898492e-02 -3.000245e-01 -8.571700e+01 3.075756e-02 9.990113e-01 -3.209833e-02 -9.543221e+00 3.009793e-01 2.136601e-02 9.533913e-01 3.983029e+02
9.526635e-01 -3.873662e-02 -3.015487e-01 -8.633352e+01 3.035249e-02 9.990127e-01 -3.244140e-02 -9.640474e+00 3.025077e-01 2.175299e-02 9.528987e-01 4.002697e+02
9.521268e-01 -3.882706e-02 -3.032278e-01 -8.693695e+01 2.988658e-02 9.989724e-01 -3.407126e-02 -9.715270e+00 3.042391e-01 2.337772e-02 9.523088e-01 4.021566e+02
9.515190e-01 -3.880659e-02 -3.051320e-01 -8.754251e+01 3.011031e-02 9.989965e-01 -3.315653e-02 -9.810304e+00 3.061125e-01 2.236145e-02 9.517327e-01 4.040642e+02
9.509200e-01 -4.032603e-02 -3.067979e-01 -8.816855e+01 3.169013e-02 9.989502e-01 -3.308011e-02 -9.904836e+00 3.078098e-01 2.173407e-02 9.511996e-01 4.060268e+02
9.504342e-01 -4.022894e-02 -3.083124e-01 -8.879210e+01 3.192668e-02 9.989801e-01 -3.192772e-02 -9.975789e+00 3.092823e-01 2.050180e-02 9.507492e-01 4.079168e+02
9.499343e-01 -3.974752e-02 -3.099113e-01 -8.941918e+01 3.168455e-02 9.990168e-01 -3.100950e-02 -1.006389e+01 3.108392e-01 1.963758e-02 9.502596e-01 4.098281e+02
9.494596e-01 -3.989504e-02 -3.113436e-01 -9.005515e+01 3.120935e-02 9.989735e-01 -3.283210e-02 -1.016157e+01 3.123338e-01 2.145592e-02 9.497301e-01 4.117578e+02
9.488853e-01 -3.999897e-02 -3.130763e-01 -9.067934e+01 3.032294e-02 9.989018e-01 -3.571670e-02 -1.024186e+01 3.141611e-01 2.439765e-02 9.490561e-01 4.136775e+02
9.482402e-01 -4.017629e-02 -3.150023e-01 -9.131038e+01 3.029124e-02 9.988848e-01 -3.621598e-02 -1.032985e+01 3.161060e-01 2.479964e-02 9.483997e-01 4.156222e+02
9.476780e-01 -3.960041e-02 -3.167620e-01 -9.194619e+01 2.948437e-02 9.988925e-01 -3.666748e-02 -1.041536e+01 3.178632e-01 2.540944e-02 9.477960e-01 4.175582e+02
9.471853e-01 -3.953556e-02 -3.182403e-01 -9.258458e+01 2.926823e-02 9.988872e-01 -3.698190e-02 -1.049572e+01 3.193483e-01 2.571438e-02 9.472885e-01 4.194739e+02
9.466812e-01 -3.669612e-02 -3.200752e-01 -9.322922e+01 2.727929e-02 9.990543e-01 -3.385649e-02 -1.058996e+01 3.210150e-01 2.331988e-02 9.467870e-01 4.214080e+02
9.462381e-01 -3.540800e-02 -3.215271e-01 -9.388706e+01 2.608174e-02 9.991061e-01 -3.326877e-02 -1.068650e+01 3.224176e-01 2.309419e-02 9.463158e-01 4.233311e+02
9.456878e-01 -3.535999e-02 -3.231475e-01 -9.454620e+01 2.540199e-02 9.990650e-01 -3.498273e-02 -1.076768e+01 3.240824e-01 2.487415e-02 9.457018e-01 4.252949e+02
9.452548e-01 -3.613363e-02 -3.243264e-01 -9.520851e+01 2.630789e-02 9.990538e-01 -3.463110e-02 -1.086297e+01 3.252709e-01 2.420287e-02 9.453111e-01 4.272179e+02
9.447386e-01 -3.667476e-02 -3.257666e-01 -9.586335e+01 2.730126e-02 9.990724e-01 -3.330050e-02 -1.095324e+01 3.266857e-01 2.256643e-02 9.448636e-01 4.291090e+02
9.444519e-01 -3.796591e-02 -3.264493e-01 -9.653276e+01 2.807461e-02 9.989943e-01 -3.495982e-02 -1.104079e+01 3.274483e-01 2.385293e-02 9.445680e-01 4.310576e+02
9.444478e-01 -3.797046e-02 -3.264607e-01 -9.720481e+01 2.665625e-02 9.988811e-01 -3.906302e-02 -1.113966e+01 3.275786e-01 2.819076e-02 9.444033e-01 4.329712e+02
9.445756e-01 -3.721858e-02 -3.261774e-01 -9.786634e+01 2.532775e-02 9.988533e-01 -4.062796e-02 -1.125026e+01 3.273154e-01 3.011484e-02 9.444351e-01 4.348927e+02
9.447807e-01 -3.466451e-02 -3.258648e-01 -9.853630e+01 2.327456e-02 9.989764e-01 -3.878809e-02 -1.134942e+01 3.268758e-01 2.906188e-02 9.446204e-01 4.367967e+02
9.448996e-01 -3.398277e-02 -3.255917e-01 -9.920764e+01 2.289456e-02 9.990220e-01 -3.782798e-02 -1.144708e+01 3.265588e-01 2.828936e-02 9.447534e-01 4.387558e+02
9.451454e-01 -3.446577e-02 -3.248266e-01 -9.988208e+01 2.332543e-02 9.990005e-01 -3.812925e-02 -1.153798e+01 3.258161e-01 2.846096e-02 9.450047e-01 4.406171e+02
9.451086e-01 -3.633978e-02 -3.247295e-01 -1.005410e+02 2.526405e-02 9.989484e-01 -3.826044e-02 -1.164288e+01 3.257784e-01 2.795629e-02 9.450327e-01 4.425660e+02
9.448821e-01 -3.804699e-02 -3.251926e-01 -1.011944e+02 2.646700e-02 9.988506e-01 -3.996113e-02 -1.173173e+01 3.263393e-01 2.915169e-02 9.448031e-01 4.445060e+02
9.445084e-01 -3.959286e-02 -3.260924e-01 -1.018539e+02 2.795854e-02 9.987968e-01 -4.028965e-02 -1.182621e+01 3.272952e-01 2.893684e-02 9.444790e-01 4.464360e+02
9.442264e-01 -3.876273e-02 -3.270076e-01 -1.025258e+02 2.691477e-02 9.988096e-01 -4.068086e-02 -1.190932e+01 3.281952e-01 2.961061e-02 9.441457e-01 4.483456e+02
9.437816e-01 -3.747663e-02 -3.284385e-01 -1.031906e+02 2.577911e-02 9.988711e-01 -3.989932e-02 -1.202676e+01 3.295630e-01 2.918939e-02 9.436823e-01 4.502733e+02
9.431655e-01 -3.675344e-02 -3.302847e-01 -1.038432e+02 2.524819e-02 9.989179e-01 -3.905855e-02 -1.212789e+01 3.313628e-01 2.849958e-02 9.430729e-01 4.521560e+02
9.427490e-01 -3.649466e-02 -3.315003e-01 -1.045242e+02 2.475052e-02 9.989098e-01 -3.958171e-02 -1.220703e+01 3.325834e-01 2.911082e-02 9.426245e-01 4.540396e+02
9.421945e-01 -3.698146e-02 -3.330193e-01 -1.051912e+02 2.453948e-02 9.988375e-01 -4.149162e-02 -1.231733e+01 3.341666e-01 3.092106e-02 9.420067e-01 4.559413e+02
9.415572e-01 -3.671448e-02 -3.348462e-01 -1.058592e+02 2.348789e-02 9.987788e-01 -4.346607e-02 -1.242401e+01 3.360331e-01 3.306096e-02 9.412697e-01 4.578191e+02
9.409608e-01 -3.608587e-02 -3.365867e-01 -1.065186e+02 2.303425e-02 9.988228e-01 -4.269051e-02 -1.253595e+01 3.377310e-01 3.241708e-02 9.406843e-01 4.596358e+02
9.403787e-01 -3.608153e-02 -3.382101e-01 -1.072137e+02 2.339491e-02 9.988640e-01 -4.151403e-02 -1.264058e+01 3.393238e-01 3.112652e-02 9.401545e-01 4.615681e+02
9.397866e-01 -3.502350e-02 -3.399626e-01 -1.079019e+02 2.256253e-02 9.989232e-01 -4.053924e-02 -1.275829e+01 3.410164e-01 3.042782e-02 9.395648e-01 4.634820e+02
9.390167e-01 -3.595332e-02 -3.419869e-01 -1.085733e+02 2.299014e-02 9.988579e-01 -4.188504e-02 -1.285350e+01 3.431023e-01 3.146843e-02 9.387708e-01 4.653451e+02
9.383400e-01 -3.588904e-02 -3.438458e-01 -1.092565e+02 2.275921e-02 9.988522e-01 -4.214672e-02 -1.296683e+01 3.449637e-01 3.172230e-02 9.380798e-01 4.672247e+02
9.378271e-01 -3.497323e-02 -3.453364e-01 -1.099677e+02 2.204615e-02 9.989039e-01 -4.129140e-02 -1.306306e+01 3.464020e-01 3.111086e-02 9.375702e-01 4.691443e+02
9.371735e-01 -3.560272e-02 -3.470422e-01 -1.106920e+02 2.276874e-02 9.989001e-01 -4.099012e-02 -1.317773e+01 3.481199e-01 3.051314e-02 9.369533e-01 4.710893e+02
9.365851e-01 -3.654164e-02 -3.485297e-01 -1.114063e+02 2.311078e-02 9.988241e-01 -4.261749e-02 -1.328596e+01 3.496772e-01 3.186011e-02 9.363283e-01 4.729560e+02
9.359270e-01 -3.730911e-02 -3.502123e-01 -1.121043e+02 2.369757e-02 9.987908e-01 -4.307330e-02 -1.339866e+01 3.513958e-01 3.201429e-02 9.356795e-01 4.748432e+02
9.353742e-01 -3.781724e-02 -3.516319e-01 -1.128238e+02 2.448032e-02 9.988050e-01 -4.229931e-02 -1.351863e+01 3.528114e-01 3.095762e-02 9.351822e-01 4.767265e+02
9.348331e-01 -3.921262e-02 -3.529158e-01 -1.135304e+02 2.546698e-02 9.987283e-01 -4.351002e-02 -1.362809e+01 3.541731e-01 3.168691e-02 9.346429e-01 4.786020e+02
9.342173e-01 -3.944170e-02 -3.545171e-01 -1.142421e+02 2.555495e-02 9.987147e-01 -4.376978e-02 -1.373295e+01 3.557878e-01 3.183082e-02 9.340245e-01 4.804815e+02
9.338472e-01 -3.790911e-02 -3.556575e-01 -1.149637e+02 2.357859e-02 9.987292e-01 -4.454324e-02 -1.383548e+01 3.568941e-01 3.321068e-02 9.335543e-01 4.823282e+02
9.336040e-01 -3.701922e-02 -3.563890e-01 -1.156823e+02 2.238175e-02 9.987313e-01 -4.510962e-02 -1.394591e+01 3.576067e-01 3.413791e-02 9.332481e-01 4.841068e+02
9.332790e-01 -3.687586e-02 -3.572540e-01 -1.164091e+02 2.262166e-02 9.987755e-01 -4.399779e-02 -1.405579e+01 3.584390e-01 3.298054e-02 9.329704e-01 4.859874e+02
9.330184e-01 -3.776164e-02 -3.578418e-01 -1.171461e+02 2.427695e-02 9.988183e-01 -4.210291e-02 -1.417183e+01 3.590088e-01 3.059548e-02 9.328326e-01 4.878936e+02
9.328040e-01 -3.880987e-02 -3.582883e-01 -1.178759e+02 2.528310e-02 9.987823e-01 -4.236375e-02 -1.428361e+01 3.594962e-01 3.045843e-02 9.326493e-01 4.897844e+02
9.325747e-01 -4.062422e-02 -3.586839e-01 -1.185937e+02 2.672417e-02 9.986903e-01 -4.362819e-02 -1.439071e+01 3.599865e-01 3.110101e-02 9.324390e-01 4.917115e+02
9.324090e-01 -4.067868e-02 -3.591083e-01 -1.193064e+02 2.658836e-02 9.986736e-01 -4.409116e-02 -1.451090e+01 3.604255e-01 3.156290e-02 9.322538e-01 4.936272e+02
9.323468e-01 -4.091222e-02 -3.592432e-01 -1.200352e+02 2.724075e-02 9.987020e-01 -4.303851e-02 -1.462844e+01 3.605377e-01 3.034077e-02 9.322511e-01 4.954868e+02
9.324786e-01 -3.985254e-02 -3.590202e-01 -1.207713e+02 2.681352e-02 9.987900e-01 -4.122689e-02 -1.472887e+01 3.602287e-01 2.881660e-02 9.324188e-01 4.973555e+02
9.323652e-01 -3.980370e-02 -3.593199e-01 -1.214873e+02 2.723525e-02 9.988294e-01 -3.997528e-02 -1.483472e+01 3.604905e-01 2.748539e-02 9.323579e-01 4.992383e+02
9.323367e-01 -3.913196e-02 -3.594676e-01 -1.222158e+02 2.601385e-02 9.988097e-01 -4.126024e-02 -1.493373e+01 3.606543e-01 2.911731e-02 9.322449e-01 5.011118e+02
9.322573e-01 -4.007253e-02 -3.595699e-01 -1.229451e+02 2.640706e-02 9.987329e-01 -4.283891e-02 -1.503702e+01 3.608310e-01 3.044170e-02 9.321343e-01 5.029751e+02
9.320563e-01 -3.998685e-02 -3.601003e-01 -1.236660e+02 2.617019e-02 9.987251e-01 -4.316515e-02 -1.514290e+01 3.613672e-01 3.080845e-02 9.319145e-01 5.048154e+02
9.317065e-01 -4.003961e-02 -3.609983e-01 -1.243889e+02 2.664326e-02 9.987618e-01 -4.201221e-02 -1.527241e+01 3.622334e-01 2.952488e-02 9.316197e-01 5.067090e+02
9.313933e-01 -4.006203e-02 -3.618033e-01 -1.251141e+02 2.700986e-02 9.987914e-01 -4.106323e-02 -1.539297e+01 3.630111e-01 2.847376e-02 9.313497e-01 5.085489e+02
9.310782e-01 -4.051885e-02 -3.625626e-01 -1.258383e+02 2.734305e-02 9.987684e-01 -4.140095e-02 -1.550083e+01 3.637936e-01 2.863396e-02 9.310394e-01 5.103957e+02
9.306618e-01 -4.049626e-02 -3.636326e-01 -1.265591e+02 2.724994e-02 9.987674e-01 -4.148657e-02 -1.561243e+01 3.648644e-01 2.870100e-02 9.306182e-01 5.122495e+02
9.301948e-01 -4.074133e-02 -3.647984e-01 -1.272830e+02 2.730329e-02 9.987478e-01 -4.192163e-02 -1.572011e+01 3.660495e-01 2.903508e-02 9.301423e-01 5.141150e+02
9.297382e-01 -4.028987e-02 -3.660104e-01 -1.280064e+02 2.655568e-02 9.987442e-01 -4.248361e-02 -1.583160e+01 3.672624e-01 2.977897e-02 9.296405e-01 5.159096e+02
9.293149e-01 -4.139769e-02 -3.669604e-01 -1.287426e+02 2.764953e-02 9.987076e-01 -4.264511e-02 -1.592930e+01 3.682516e-01 2.948445e-02 9.292585e-01 5.177752e+02
9.288596e-01 -4.262113e-02 -3.679718e-01 -1.294720e+02 2.889941e-02 9.986689e-01 -4.272312e-02 -1.603096e+01 3.693029e-01 2.904962e-02 9.288549e-01 5.196038e+02
9.284437e-01 -4.278296e-02 -3.690012e-01 -1.301846e+02 2.941244e-02 9.986935e-01 -4.178652e-02 -1.614075e+01 3.703069e-01 2.794320e-02 9.284891e-01 5.214074e+02
9.283466e-01 -4.168811e-02 -3.693707e-01 -1.309077e+02 2.848447e-02 9.987477e-01 -4.113059e-02 -1.624539e+01 3.706228e-01 2.766212e-02 9.283714e-01 5.232267e+02
9.281743e-01 -4.175682e-02 -3.697957e-01 -1.316318e+02 2.803217e-02 9.987068e-01 -4.241283e-02 -1.635529e+01 3.710885e-01 2.900033e-02 9.281445e-01 5.250393e+02
9.281755e-01 -4.122038e-02 -3.698529e-01 -1.323489e+02 2.725857e-02 9.987075e-01 -4.289914e-02 -1.647021e+01 3.711431e-01 2.973627e-02 9.280994e-01 5.268192e+02
9.280284e-01 -4.150109e-02 -3.701904e-01 -1.330810e+02 2.815362e-02 9.987464e-01 -4.138869e-02 -1.657588e+01 3.714440e-01 2.798768e-02 9.280334e-01 5.286219e+02
9.278645e-01 -4.291385e-02 -3.704400e-01 -1.338088e+02 2.944994e-02 9.986865e-01 -4.192832e-02 -1.668466e+01 3.717528e-01 2.799436e-02 9.279096e-01 5.304310e+02
9.276355e-01 -4.454882e-02 -3.708204e-01 -1.345304e+02 3.058704e-02 9.985873e-01 -4.345028e-02 -1.678517e+01 3.722322e-01 2.896373e-02 9.276876e-01 5.322527e+02
9.275439e-01 -4.320890e-02 -3.712078e-01 -1.352559e+02 2.898999e-02 9.986195e-01 -4.380230e-02 -1.688645e+01 3.725880e-01 2.986725e-02 9.275161e-01 5.340493e+02
9.275780e-01 -4.110200e-02 -3.713618e-01 -1.359881e+02 2.714907e-02 9.987179e-01 -4.272498e-02 -1.699530e+01 3.726418e-01 2.954862e-02 9.275047e-01 5.358894e+02
9.276357e-01 -4.350406e-02 -3.709438e-01 -1.367170e+02 2.800996e-02 9.984994e-01 -4.705761e-02 -1.710962e+01 3.724344e-01 3.326220e-02 9.274623e-01 5.376987e+02
9.271635e-01 -4.590741e-02 -3.718338e-01 -1.374319e+02 3.040536e-02 9.984107e-01 -4.745053e-02 -1.722516e+01 3.734212e-01 3.268866e-02 9.270858e-01 5.394787e+02
9.270195e-01 -4.792640e-02 -3.719380e-01 -1.381683e+02 3.281870e-02 9.983628e-01 -4.684748e-02 -1.734129e+01 3.735743e-01 3.122201e-02 9.270747e-01 5.413149e+02
9.266898e-01 -4.747903e-02 -3.728160e-01 -1.388737e+02 3.325818e-02 9.984562e-01 -4.448765e-02 -1.744896e+01 3.743527e-01 2.882707e-02 9.268382e-01 5.430900e+02
9.266088e-01 -4.627819e-02 -3.731682e-01 -1.395865e+02 3.183414e-02 9.984895e-01 -4.478005e-02 -1.754868e+01 3.746769e-01 2.961410e-02 9.266824e-01 5.448464e+02
9.266974e-01 -4.432998e-02 -3.731847e-01 -1.402976e+02 2.999959e-02 9.985755e-01 -4.412371e-02 -1.765770e+01 3.746091e-01 2.969394e-02 9.267072e-01 5.466075e+02
9.268551e-01 -4.289223e-02 -3.729609e-01 -1.410258e+02 2.845786e-02 9.986206e-01 -4.412459e-02 -1.776392e+01 3.743391e-01 3.028343e-02 9.267973e-01 5.483417e+02
9.268073e-01 -4.280207e-02 -3.730902e-01 -1.417384e+02 2.822403e-02 9.986128e-01 -4.445159e-02 -1.786749e+01 3.744752e-01 3.066795e-02 9.267296e-01 5.500854e+02
9.267178e-01 -4.359024e-02 -3.732212e-01 -1.424569e+02 2.835602e-02 9.985290e-01 -4.621411e-02 -1.797550e+01 3.746867e-01 3.224437e-02 9.265906e-01 5.518044e+02
9.265119e-01 -4.425160e-02 -3.736542e-01 -1.431636e+02 2.901157e-02 9.985055e-01 -4.631529e-02 -1.808453e+01 3.751453e-01 3.207137e-02 9.264111e-01 5.535385e+02
9.262360e-01 -4.533934e-02 -3.742075e-01 -1.438648e+02 3.054674e-02 9.985031e-01 -4.537051e-02 -1.820823e+01 3.757044e-01 3.059298e-02 9.262345e-01 5.552663e+02
9.262085e-01 -4.435629e-02 -3.743932e-01 -1.445802e+02 2.960904e-02 9.985457e-01 -4.505328e-02 -1.832923e+01 3.758471e-01 3.064331e-02 9.261749e-01 5.569815e+02
9.261601e-01 -4.363150e-02 -3.745981e-01 -1.452733e+02 2.870410e-02 9.985592e-01 -4.533937e-02 -1.842122e+01 3.760366e-01 3.123901e-02 9.260781e-01 5.586832e+02
9.260817e-01 -4.355467e-02 -3.748008e-01 -1.459872e+02 2.846885e-02 9.985496e-01 -4.569634e-02 -1.853227e+01 3.762475e-01 3.164839e-02 9.259785e-01 5.604035e+02
9.256566e-01 -4.435855e-02 -3.757554e-01 -1.466899e+02 2.930086e-02 9.985256e-01 -4.569625e-02 -1.864423e+01 3.772284e-01 3.128908e-02 9.255916e-01 5.621211e+02
9.250486e-01 -4.544714e-02 -3.771203e-01 -1.473761e+02 3.025861e-02 9.984782e-01 -4.610544e-02 -1.875781e+01 3.786417e-01 3.123864e-02 9.250160e-01 5.637940e+02
9.242307e-01 -4.874301e-02 -3.787105e-01 -1.480747e+02 3.294022e-02 9.982992e-01 -4.809940e-02 -1.889141e+01 3.804110e-01 3.198013e-02 9.242645e-01 5.655490e+02
9.232955e-01 -5.057011e-02 -3.807469e-01 -1.487808e+02 3.469492e-02 9.982229e-01 -4.844840e-02 -1.901484e+01 3.825203e-01 3.152220e-02 9.234092e-01 5.672595e+02
9.221429e-01 -5.238221e-02 -3.832865e-01 -1.494862e+02 3.705625e-02 9.981947e-01 -4.726617e-02 -1.913197e+01 3.850704e-01 2.938300e-02 9.224193e-01 5.689742e+02
9.208908e-01 -5.345882e-02 -3.861377e-01 -1.501953e+02 3.819330e-02 9.981596e-01 -4.710386e-02 -1.923920e+01 3.879451e-01 2.862964e-02 9.212377e-01 5.706750e+02
9.192671e-01 -5.385432e-02 -3.899330e-01 -1.509016e+02 3.826895e-02 9.981315e-01 -4.763459e-02 -1.934138e+01 3.917697e-01 2.886659e-02 9.196104e-01 5.723474e+02
9.174776e-01 -5.293433e-02 -3.942496e-01 -1.516209e+02 3.738966e-02 9.981943e-01 -4.701226e-02 -1.946285e+01 3.960263e-01 2.839184e-02 9.178001e-01 5.740644e+02
9.155627e-01 -5.293080e-02 -3.986769e-01 -1.523353e+02 3.703705e-02 9.981858e-01 -4.746960e-02 -1.957165e+01 4.004662e-01 2.869558e-02 9.158621e-01 5.757058e+02
9.132436e-01 -5.301582e-02 -4.039497e-01 -1.530378e+02 3.682333e-02 9.981801e-01 -4.775511e-02 -1.967635e+01 4.057463e-01 2.873728e-02 9.135338e-01 5.773967e+02
9.109837e-01 -5.385836e-02 -4.089108e-01 -1.537853e+02 3.772563e-02 9.981622e-01 -4.742342e-02 -1.978905e+01 4.107134e-01 2.777555e-02 9.113413e-01 5.790818e+02
9.090728e-01 -5.369501e-02 -4.131629e-01 -1.545274e+02 3.790729e-02 9.982071e-01 -4.632133e-02 -1.990158e+01 4.149093e-01 2.644757e-02 9.094783e-01 5.807079e+02
9.073901e-01 -5.411617e-02 -4.167909e-01 -1.552645e+02 3.736613e-02 9.981362e-01 -4.824877e-02 -2.000385e+01 4.186251e-01 2.820659e-02 9.077210e-01 5.822960e+02
9.062234e-01 -5.439242e-02 -4.192858e-01 -1.560276e+02 3.553898e-02 9.979803e-01 -5.265216e-02 -2.011030e+01 4.213028e-01 3.281363e-02 9.063262e-01 5.839161e+02
9.049226e-01 -5.597507e-02 -4.218790e-01 -1.567877e+02 3.576279e-02 9.978080e-01 -5.567902e-02 -2.023892e+01 4.240709e-01 3.529762e-02 9.049408e-01 5.855028e+02
9.037389e-01 -5.638704e-02 -4.243542e-01 -1.575445e+02 3.585422e-02 9.977742e-01 -5.622349e-02 -2.036041e+01 4.265800e-01 3.559647e-02 9.037491e-01 5.870851e+02
9.026271e-01 -5.695773e-02 -4.266383e-01 -1.583306e+02 3.620899e-02 9.977404e-01 -5.659551e-02 -2.048058e+01 4.288978e-01 3.563650e-02 9.026498e-01 5.887617e+02
9.018046e-01 -5.914610e-02 -4.280773e-01 -1.590962e+02 3.848754e-02 9.976456e-01 -5.676219e-02 -2.059635e+01 4.304267e-01 3.471276e-02 9.019578e-01 5.903828e+02
9.009014e-01 -6.075685e-02 -4.297502e-01 -1.598557e+02 4.006713e-02 9.975676e-01 -5.703904e-02 -2.071365e+01 4.321704e-01 3.416770e-02 9.011445e-01 5.920015e+02
9.004985e-01 -6.033631e-02 -4.306530e-01 -1.606151e+02 4.133088e-02 9.977195e-01 -5.336160e-02 -2.083776e+01 4.328905e-01 3.025277e-02 9.009387e-01 5.936036e+02
9.003761e-01 -6.065668e-02 -4.308639e-01 -1.613890e+02 4.153940e-02 9.976954e-01 -5.364990e-02 -2.096264e+01 4.331252e-01 3.040726e-02 9.008207e-01 5.951946e+02
9.011178e-01 -5.942369e-02 -4.294829e-01 -1.621697e+02 3.948620e-02 9.976946e-01 -5.519423e-02 -2.108357e+01 4.317726e-01 3.277786e-02 9.013867e-01 5.968008e+02
9.024694e-01 -5.702070e-02 -4.269632e-01 -1.629450e+02 3.593616e-02 9.977109e-01 -5.728569e-02 -2.119446e+01 4.292522e-01 3.635517e-02 9.024527e-01 5.983681e+02
9.041265e-01 -5.530694e-02 -4.236702e-01 -1.636943e+02 3.396275e-02 9.977520e-01 -5.777132e-02 -2.131481e+01 4.259129e-01 3.784358e-02 9.039724e-01 5.999337e+02
9.061000e-01 -5.524588e-02 -4.194409e-01 -1.644409e+02 3.402128e-02 9.977413e-01 -5.792094e-02 -2.145290e+01 4.216934e-01 3.821224e-02 9.059330e-01 6.015371e+02
9.086484e-01 -5.649213e-02 -4.137230e-01 -1.651824e+02 3.503746e-02 9.976269e-01 -5.926993e-02 -2.158695e+01 4.160895e-01 3.935972e-02 9.084714e-01 6.031568e+02
9.111815e-01 -5.757985e-02 -4.079618e-01 -1.659116e+02 3.584527e-02 9.975105e-01 -6.072862e-02 -2.171987e+01 4.104429e-01 4.071129e-02 9.109771e-01 6.047614e+02
9.136144e-01 -5.991341e-02 -4.021432e-01 -1.666170e+02 3.807294e-02 9.973439e-01 -6.209304e-02 -2.183614e+01 4.047953e-01 4.141833e-02 9.134688e-01 6.063819e+02
9.157527e-01 -6.216830e-02 -3.969031e-01 -1.673121e+02 4.077606e-02 9.972354e-01 -6.212006e-02 -2.195963e+01 3.996677e-01 4.070247e-02 9.157560e-01 6.079801e+02
9.178176e-01 -6.536918e-02 -3.915836e-01 -1.680001e+02 4.490282e-02 9.971145e-01 -6.120778e-02 -2.209380e+01 3.944548e-01 3.859437e-02 9.181045e-01 6.095690e+02
9.198244e-01 -6.800996e-02 -3.863907e-01 -1.686863e+02 4.797779e-02 9.969677e-01 -6.126596e-02 -2.222452e+01 3.893857e-01 3.781575e-02 9.202982e-01 6.111871e+02
9.217004e-01 -7.075386e-02 -3.813953e-01 -1.693472e+02 5.112390e-02 9.968048e-01 -6.137167e-02 -2.235978e+01 3.845189e-01 3.706787e-02 9.223726e-01 6.127915e+02
9.234348e-01 -7.387672e-02 -3.765773e-01 -1.700349e+02 5.411886e-02 9.965580e-01 -6.279507e-02 -2.247606e+01 3.799203e-01 3.760721e-02 9.242545e-01 6.144468e+02
9.249543e-01 -7.654097e-02 -3.722917e-01 -1.706961e+02 5.667844e-02 9.963375e-01 -6.402419e-02 -2.260099e+01 3.758287e-01 3.811853e-02 9.259049e-01 6.160641e+02
9.262289e-01 -7.924215e-02 -3.685387e-01 -1.713404e+02 5.984946e-02 9.961679e-01 -6.377674e-02 -2.271822e+01 3.721803e-01 3.701502e-02 9.274221e-01 6.176831e+02
9.275346e-01 -8.210926e-02 -3.646061e-01 -1.719675e+02 6.325867e-02 9.959833e-01 -6.336932e-02 -2.285484e+01 3.683448e-01 3.571275e-02 9.290031e-01 6.192728e+02
9.286999e-01 -8.543014e-02 -3.608576e-01 -1.725964e+02 6.731169e-02 9.957720e-01 -6.250828e-02 -2.299146e+01 3.646720e-01 3.376150e-02 9.305238e-01 6.208950e+02
9.299637e-01 -8.757120e-02 -3.570698e-01 -1.732207e+02 6.917819e-02 9.955500e-01 -6.398834e-02 -2.311803e+01 3.610844e-01 3.480540e-02 9.318834e-01 6.225300e+02
9.311486e-01 -8.999256e-02 -3.533606e-01 -1.738291e+02 7.127956e-02 9.952938e-01 -6.564730e-02 -2.326202e+01 3.576053e-01 3.594000e-02 9.331810e-01 6.241527e+02
9.322342e-01 -9.190016e-02 -3.499911e-01 -1.744443e+02 7.335809e-02 9.951258e-01 -6.590254e-02 -2.339740e+01 3.543417e-01 3.576191e-02 9.344319e-01 6.257652e+02
9.330948e-01 -9.404371e-02 -3.471164e-01 -1.750466e+02 7.667465e-02 9.950339e-01 -6.347137e-02 -2.353378e+01 3.513617e-01 3.260977e-02 9.356717e-01 6.273983e+02
9.341102e-01 -9.467924e-02 -3.442006e-01 -1.756438e+02 7.753315e-02 9.949798e-01 -6.327537e-02 -2.365980e+01 3.484635e-01 3.241921e-02 9.367615e-01 6.290035e+02
9.349691e-01 -9.683194e-02 -3.412570e-01 -1.762383e+02 7.948451e-02 9.947478e-01 -6.449039e-02 -2.378740e+01 3.457094e-01 3.317187e-02 9.377551e-01 6.306424e+02
9.356642e-01 -9.829159e-02 -3.389265e-01 -1.768220e+02 8.062095e-02 9.945663e-01 -6.586490e-02 -2.391814e+01 3.435589e-01 3.430285e-02 9.385045e-01 6.322441e+02
9.361625e-01 -9.996485e-02 -3.370560e-01 -1.774083e+02 8.292523e-02 9.944587e-01 -6.461663e-02 -2.404810e+01 3.416476e-01 3.254122e-02 9.392646e-01 6.338686e+02
9.367862e-01 -1.009713e-01 -3.350169e-01 -1.779715e+02 8.440492e-02 9.943942e-01 -6.368601e-02 -2.418541e+01 3.395694e-01 3.138310e-02 9.400573e-01 6.354786e+02
9.374289e-01 -1.026286e-01 -3.327079e-01 -1.785508e+02 8.618458e-02 9.942308e-01 -6.385359e-02 -2.432883e+01 3.373416e-01 3.118391e-02 9.408657e-01 6.370802e+02
9.382816e-01 -1.027925e-01 -3.302445e-01 -1.791071e+02 8.545517e-02 9.941112e-01 -6.663596e-02 -2.446779e+01 3.351494e-01 3.430219e-02 9.415403e-01 6.386807e+02
9.392905e-01 -1.018217e-01 -3.276671e-01 -1.796874e+02 8.456356e-02 9.941943e-01 -6.653343e-02 -2.460354e+01 3.325393e-01 3.478552e-02 9.424477e-01 6.403307e+02
9.402410e-01 -1.003083e-01 -3.253999e-01 -1.802583e+02 8.385635e-02 9.944054e-01 -6.423462e-02 -2.474745e+01 3.300227e-01 3.310917e-02 9.433922e-01 6.419443e+02
9.412028e-01 -9.911185e-02 -3.229769e-01 -1.808240e+02 8.310367e-02 9.945463e-01 -6.301972e-02 -2.488629e+01 3.274615e-01 3.247376e-02 9.443063e-01 6.435650e+02
9.419517e-01 -9.945437e-02 -3.206801e-01 -1.813806e+02 8.374346e-02 9.945283e-01 -6.245440e-02 -2.501412e+01 3.251368e-01 3.197417e-02 9.451263e-01 6.451596e+02
9.423551e-01 -1.015044e-01 -3.188475e-01 -1.819302e+02 8.552987e-02 9.942942e-01 -6.374733e-02 -2.514439e+01 3.234989e-01 3.280164e-02 9.456598e-01 6.467691e+02
9.424990e-01 -1.035462e-01 -3.177638e-01 -1.824700e+02 8.743280e-02 9.940737e-01 -6.459913e-02 -2.528269e+01 3.225696e-01 3.310163e-02 9.459668e-01 6.483949e+02
9.426331e-01 -1.051814e-01 -3.168277e-01 -1.830102e+02 8.906102e-02 9.939041e-01 -6.498271e-02 -2.542759e+01 3.217313e-01 3.303786e-02 9.462544e-01 6.500319e+02
9.430636e-01 -1.054587e-01 -3.154512e-01 -1.835512e+02 8.969719e-02 9.939032e-01 -6.411638e-02 -2.556259e+01 3.202896e-01 3.217074e-02 9.467733e-01 6.516522e+02
9.437573e-01 -1.037713e-01 -3.139325e-01 -1.840938e+02 8.834392e-02 9.940946e-01 -6.301757e-02 -2.569579e+01 3.186180e-01 3.173927e-02 9.473517e-01 6.532449e+02
9.442036e-01 -1.028470e-01 -3.128931e-01 -1.846374e+02 8.779699e-02 9.942161e-01 -6.185476e-02 -2.581726e+01 3.174450e-01 3.093241e-02 9.477721e-01 6.548735e+02
9.445457e-01 -1.033089e-01 -3.117061e-01 -1.851699e+02 8.830933e-02 9.941680e-01 -6.189882e-02 -2.594036e+01 3.162829e-01 3.093971e-02 9.481602e-01 6.564893e+02
9.447183e-01 -1.051980e-01 -3.105489e-01 -1.856864e+02 8.981184e-02 9.939338e-01 -6.347776e-02 -2.606868e+01 3.153428e-01 3.207763e-02 9.484355e-01 6.580608e+02
9.448773e-01 -1.071650e-01 -3.093906e-01 -1.862112e+02 9.094691e-02 9.936383e-01 -6.641955e-02 -2.620192e+01 3.145402e-01 3.462020e-02 9.486126e-01 6.596553e+02
9.450190e-01 -1.091490e-01 -3.082623e-01 -1.867181e+02 9.224794e-02 9.933477e-01 -6.892460e-02 -2.633865e+01 3.137348e-01 3.669848e-02 9.488012e-01 6.612315e+02
9.455412e-01 -1.088515e-01 -3.067623e-01 -1.872371e+02 9.151066e-02 9.933124e-01 -7.040130e-02 -2.647158e+01 3.123740e-01 3.849532e-02 9.491789e-01 6.628042e+02
9.460260e-01 -1.080691e-01 -3.055421e-01 -1.877399e+02 9.056482e-02 9.933608e-01 -7.093920e-02 -2.661279e+01 3.111798e-01 3.943896e-02 9.495323e-01 6.643598e+02
9.462858e-01 -1.090719e-01 -3.043788e-01 -1.882430e+02 9.160656e-02 9.932518e-01 -7.112792e-02 -2.675545e+01 3.100828e-01 3.942425e-02 9.498918e-01 6.659312e+02
9.462915e-01 -1.104743e-01 -3.038549e-01 -1.887380e+02 9.312828e-02 9.931162e-01 -7.104494e-02 -2.688671e+01 3.096118e-01 3.893175e-02 9.500657e-01 6.675110e+02
9.464917e-01 -1.119028e-01 -3.027066e-01 -1.892254e+02 9.458600e-02 9.929585e-01 -7.132319e-02 -2.703046e+01 3.085563e-01 3.887500e-02 9.504113e-01 6.690571e+02
9.469162e-01 -1.125159e-01 -3.011476e-01 -1.897228e+02 9.442891e-02 9.927770e-01 -7.400657e-02 -2.718357e+01 3.072993e-01 4.164098e-02 9.507014e-01 6.705487e+02
9.476407e-01 -1.114792e-01 -2.992483e-01 -1.902262e+02 9.298394e-02 9.928088e-01 -7.539614e-02 -2.732498e+01 3.055015e-01 4.362316e-02 9.511918e-01 6.721196e+02
9.483971e-01 -1.100653e-01 -2.973695e-01 -1.907044e+02 9.140623e-02 9.929105e-01 -7.598486e-02 -2.746773e+01 3.036246e-01 4.488240e-02 9.517340e-01 6.736445e+02
9.489865e-01 -1.098656e-01 -2.955573e-01 -1.911767e+02 9.078839e-02 9.928456e-01 -7.755710e-02 -2.760712e+01 3.019637e-01 4.676747e-02 9.521716e-01 6.751967e+02
9.498316e-01 -1.092479e-01 -2.930613e-01 -1.916574e+02 8.988822e-02 9.928316e-01 -7.877554e-02 -2.776203e+01 2.995665e-01 4.848074e-02 9.528429e-01 6.767353e+02
9.512299e-01 -1.039687e-01 -2.904346e-01 -1.921402e+02 8.511451e-02 9.934032e-01 -7.684833e-02 -2.791391e+01 2.965085e-01 4.838023e-02 9.538040e-01 6.782670e+02
9.529108e-01 -9.208860e-02 -2.889302e-01 -1.926208e+02 7.593350e-02 9.948823e-01 -6.665787e-02 -2.805097e+01 2.935900e-01 4.157953e-02 9.550267e-01 6.798258e+02
9.545785e-01 -8.329590e-02 -2.860799e-01 -1.931027e+02 7.120127e-02 9.960825e-01 -5.244123e-02 -2.817705e+01 2.893273e-01 2.969002e-02 9.567697e-01 6.814103e+02
9.561621e-01 -7.461516e-02 -2.831723e-01 -1.935537e+02 6.453138e-02 9.969102e-01 -4.478601e-02 -2.827456e+01 2.856390e-01 2.454919e-02 9.580228e-01 6.828914e+02
9.568633e-01 -7.868236e-02 -2.796816e-01 -1.940065e+02 6.840865e-02 9.965814e-01 -4.632286e-02 -2.836655e+01 2.823702e-01 2.519200e-02 9.589747e-01 6.844065e+02
9.564494e-01 -9.038498e-02 -2.775519e-01 -1.944371e+02 7.859738e-02 9.954789e-01 -5.333033e-02 -2.845985e+01 2.811173e-01 2.919291e-02 9.592293e-01 6.859343e+02
9.562754e-01 -1.001724e-01 -2.747780e-01 -1.948645e+02 8.565491e-02 9.942436e-01 -6.436490e-02 -2.856776e+01 2.796438e-01 3.801448e-02 9.593509e-01 6.875067e+02
9.566151e-01 -1.065964e-01 -2.711546e-01 -1.952867e+02 9.123618e-02 9.934586e-01 -6.867362e-02 -2.869645e+01 2.767012e-01 4.095511e-02 9.600829e-01 6.890754e+02
9.579603e-01 -1.043872e-01 -2.672364e-01 -1.957190e+02 8.960830e-02 9.937245e-01 -6.694773e-02 -2.881373e+01 2.725479e-01 4.018667e-02 9.613026e-01 6.905911e+02
9.597374e-01 -1.003578e-01 -2.623593e-01 -1.961402e+02 8.703719e-02 9.942776e-01 -6.194052e-02 -2.893691e+01 2.670742e-01 3.661162e-02 9.629803e-01 6.920935e+02
9.615143e-01 -9.648160e-02 -2.572578e-01 -1.965572e+02 8.400985e-02 9.947129e-01 -5.906458e-02 -2.904550e+01 2.615963e-01 3.517925e-02 9.645361e-01 6.936034e+02
9.630844e-01 -9.590776e-02 -2.515357e-01 -1.969522e+02 8.370750e-02 9.947547e-01 -5.878812e-02 -2.915947e+01 2.558546e-01 3.556249e-02 9.660609e-01 6.951249e+02
9.645224e-01 -9.670822e-02 -2.456501e-01 -1.973559e+02 8.491248e-02 9.946878e-01 -5.819041e-02 -2.926494e+01 2.499727e-01 3.526719e-02 9.676104e-01 6.966677e+02
9.659647e-01 -9.856500e-02 -2.391590e-01 -1.977533e+02 8.710880e-02 9.945069e-01 -5.803479e-02 -2.937929e+01 2.435655e-01 3.522670e-02 9.692445e-01 6.981818e+02
9.674213e-01 -1.004243e-01 -2.324026e-01 -1.981281e+02 8.900126e-02 9.942734e-01 -5.915392e-02 -2.949889e+01 2.370122e-01 3.654264e-02 9.708192e-01 6.997170e+02
9.692394e-01 -1.005952e-01 -2.246233e-01 -1.984890e+02 8.934247e-02 9.942079e-01 -5.973702e-02 -2.960975e+01 2.293315e-01 3.783107e-02 9.726129e-01 7.012339e+02
9.714020e-01 -9.953220e-02 -2.155727e-01 -1.988371e+02 8.903344e-02 9.943442e-01 -5.790164e-02 -2.972248e+01 2.201165e-01 3.705259e-02 9.747696e-01 7.027455e+02
9.738302e-01 -9.769549e-02 -2.052081e-01 -1.991783e+02 8.795110e-02 9.945436e-01 -5.610394e-02 -2.982594e+01 2.095695e-01 3.658744e-02 9.771090e-01 7.042782e+02
9.762852e-01 -9.561178e-02 -1.942310e-01 -1.995108e+02 8.663786e-02 9.947642e-01 -5.420306e-02 -2.992977e+01 1.983965e-01 3.608988e-02 9.794572e-01 7.057941e+02
9.784902e-01 -9.439730e-02 -1.834285e-01 -1.998218e+02 8.598630e-02 9.948697e-01 -5.329739e-02 -3.004118e+01 1.875186e-01 3.637864e-02 9.815872e-01 7.073389e+02
9.803410e-01 -9.534224e-02 -1.727466e-01 -2.001067e+02 8.710085e-02 9.946970e-01 -5.469344e-02 -3.014949e+01 1.770451e-01 3.857185e-02 9.834466e-01 7.088666e+02
9.817306e-01 -9.947592e-02 -1.622024e-01 -2.003672e+02 9.129147e-02 9.941817e-01 -5.717244e-02 -3.024764e+01 1.669459e-01 4.132024e-02 9.850998e-01 7.103957e+02
9.827595e-01 -1.042362e-01 -1.527043e-01 -2.006080e+02 9.642350e-02 9.936651e-01 -5.772446e-02 -3.035583e+01 1.577539e-01 4.200498e-02 9.865847e-01 7.119317e+02
9.836875e-01 -1.076398e-01 -1.441268e-01 -2.008328e+02 1.005488e-01 9.933755e-01 -5.563308e-02 -3.046922e+01 1.491604e-01 4.023379e-02 9.879941e-01 7.134630e+02
9.847696e-01 -1.088841e-01 -1.355477e-01 -2.010479e+02 1.026082e-01 9.933367e-01 -5.247698e-02 -3.057303e+01 1.403584e-01 3.776943e-02 9.893801e-01 7.149924e+02
9.860895e-01 -1.071199e-01 -1.270935e-01 -2.012435e+02 1.016265e-01 9.936168e-01 -4.896632e-02 -3.066935e+01 1.315275e-01 3.536910e-02 9.906814e-01 7.165055e+02
9.873441e-01 -1.047042e-01 -1.191166e-01 -2.014493e+02 9.991160e-02 9.939538e-01 -4.553506e-02 -3.075806e+01 1.231641e-01 3.305764e-02 9.918356e-01 7.180734e+02
9.881708e-01 -1.045398e-01 -1.122049e-01 -2.016444e+02 1.002767e-01 9.940298e-01 -4.300330e-02 -3.084564e+01 1.160305e-01 3.124308e-02 9.927541e-01 7.196456e+02
9.886322e-01 -1.063373e-01 -1.062955e-01 -2.018228e+02 1.021924e-01 9.938033e-01 -4.372409e-02 -3.092602e+01 1.102863e-01 3.236445e-02 9.933728e-01 7.212261e+02
9.887715e-01 -1.097430e-01 -1.014267e-01 -2.019870e+02 1.056499e-01 9.933893e-01 -4.489875e-02 -3.100896e+01 1.056835e-01 3.367890e-02 9.938293e-01 7.227994e+02
9.885356e-01 -1.149083e-01 -9.794592e-02 -2.021377e+02 1.107603e-01 9.927446e-01 -4.680185e-02 -3.109536e+01 1.026132e-01 3.541678e-02 9.940906e-01 7.243324e+02
9.885179e-01 -1.169244e-01 -9.571299e-02 -2.022822e+02 1.126025e-01 9.924117e-01 -4.939285e-02 -3.118678e+01 1.007619e-01 3.804820e-02 9.941828e-01 7.258884e+02
9.885426e-01 -1.188177e-01 -9.309052e-02 -2.024339e+02 1.142243e-01 9.920281e-01 -5.322584e-02 -3.127424e+01 9.867258e-02 4.198281e-02 9.942340e-01 7.274946e+02
9.884964e-01 -1.210514e-01 -9.067165e-02 -2.025786e+02 1.162932e-01 9.916316e-01 -5.605908e-02 -3.137010e+01 9.669890e-02 4.486970e-02 9.943018e-01 7.290235e+02
9.883408e-01 -1.236355e-01 -8.886332e-02 -2.027114e+02 1.187905e-01 9.912295e-01 -5.790462e-02 -3.147087e+01 9.524301e-02 4.667338e-02 9.943593e-01 7.305715e+02
9.882547e-01 -1.257307e-01 -8.685869e-02 -2.028585e+02 1.209832e-01 9.909625e-01 -5.793494e-02 -3.157156e+01 9.335790e-02 4.674604e-02 9.945346e-01 7.321426e+02
9.884079e-01 -1.256570e-01 -8.520670e-02 -2.030016e+02 1.212324e-01 9.910840e-01 -5.527333e-02 -3.167727e+01 9.139248e-02 4.430278e-02 9.948290e-01 7.337243e+02
9.887764e-01 -1.239900e-01 -8.335273e-02 -2.031473e+02 1.199421e-01 9.914207e-01 -5.195145e-02 -3.178407e+01 8.907908e-02 4.137086e-02 9.951650e-01 7.353301e+02
9.890349e-01 -1.230600e-01 -8.164720e-02 -2.032778e+02 1.193017e-01 9.916267e-01 -4.943325e-02 -3.188200e+01 8.704680e-02 3.915056e-02 9.954346e-01 7.369054e+02
9.891686e-01 -1.231412e-01 -7.988518e-02 -2.034170e+02 1.195543e-01 9.916547e-01 -4.824713e-02 -3.197462e+01 8.515972e-02 3.817394e-02 9.956358e-01 7.385659e+02
9.891316e-01 -1.244627e-01 -7.827973e-02 -2.035481e+02 1.209462e-01 9.914890e-01 -4.818194e-02 -3.206503e+01 8.361035e-02 3.819065e-02 9.957664e-01 7.401906e+02
9.890404e-01 -1.261080e-01 -7.678483e-02 -2.036808e+02 1.225887e-01 9.912492e-01 -4.895852e-02 -3.215285e+01 8.228697e-02 3.900899e-02 9.958449e-01 7.418235e+02
9.887509e-01 -1.289600e-01 -7.576900e-02 -2.037994e+02 1.253611e-01 9.908253e-01 -5.049488e-02 -3.224932e+01 8.158566e-02 4.042838e-02 9.958460e-01 7.434205e+02
9.886639e-01 -1.301909e-01 -7.479386e-02 -2.039269e+02 1.265217e-01 9.906061e-01 -5.188208e-02 -3.235102e+01 8.084583e-02 4.183089e-02 9.958484e-01 7.450180e+02
9.887200e-01 -1.302211e-01 -7.399420e-02 -2.040476e+02 1.265089e-01 9.905573e-01 -5.283716e-02 -3.245345e+01 8.017601e-02 4.288023e-02 9.958580e-01 7.466176e+02
9.890555e-01 -1.281477e-01 -7.312588e-02 -2.041705e+02 1.245301e-01 9.908486e-01 -5.207109e-02 -3.256288e+01 7.912946e-02 4.239482e-02 9.959625e-01 7.482218e+02
9.892744e-01 -1.268830e-01 -7.236682e-02 -2.042990e+02 1.234501e-01 9.910852e-01 -5.010276e-02 -3.266057e+01 7.807886e-02 4.063169e-02 9.961188e-01 7.498371e+02
9.890574e-01 -1.288719e-01 -7.181577e-02 -2.044153e+02 1.255699e-01 9.908860e-01 -4.875657e-02 -3.275012e+01 7.744459e-02 3.920514e-02 9.962255e-01 7.514700e+02
9.889159e-01 -1.300889e-01 -7.156984e-02 -2.045402e+02 1.269686e-01 9.908132e-01 -4.656273e-02 -3.285775e+01 7.696964e-02 3.695950e-02 9.963482e-01 7.530884e+02
9.886724e-01 -1.317868e-01 -7.182673e-02 -2.046533e+02 1.287128e-01 9.906198e-01 -4.588465e-02 -3.294463e+01 7.719997e-02 3.611986e-02 9.963611e-01 7.546952e+02
9.888830e-01 -1.304793e-01 -7.131331e-02 -2.047746e+02 1.271553e-01 9.906551e-01 -4.933643e-02 -3.304590e+01 7.708428e-02 3.972009e-02 9.962331e-01 7.562865e+02
9.890328e-01 -1.299812e-01 -7.013627e-02 -2.048940e+02 1.262588e-01 9.904635e-01 -5.514383e-02 -3.314291e+01 7.663508e-02 4.568373e-02 9.960121e-01 7.579466e+02
9.890098e-01 -1.307551e-01 -6.901298e-02 -2.050226e+02 1.268427e-01 9.902061e-01 -5.833403e-02 -3.324587e+01 7.596455e-02 4.893913e-02 9.959088e-01 7.595902e+02
9.885988e-01 -1.334859e-01 -6.966981e-02 -2.051235e+02 1.297528e-01 9.899847e-01 -5.562832e-02 -3.335194e+01 7.639764e-02 4.595424e-02 9.960179e-01 7.612496e+02
9.882167e-01 -1.359207e-01 -7.037967e-02 -2.052296e+02 1.326121e-01 9.899190e-01 -4.974380e-02 -3.345854e+01 7.643138e-02 3.982446e-02 9.962792e-01 7.628648e+02
9.881399e-01 -1.361855e-01 -7.094338e-02 -2.053537e+02 1.332081e-01 9.900589e-01 -4.515425e-02 -3.355292e+01 7.638749e-02 3.516848e-02 9.964578e-01 7.645671e+02
9.883406e-01 -1.348324e-01 -7.073265e-02 -2.054762e+02 1.319580e-01 9.902842e-01 -4.386777e-02 -3.363915e+01 7.596022e-02 3.402256e-02 9.965302e-01 7.662136e+02
9.886991e-01 -1.325954e-01 -6.994718e-02 -2.055986e+02 1.296152e-01 9.905167e-01 -4.556975e-02 -3.372994e+01 7.532618e-02 3.598855e-02 9.965093e-01 7.678628e+02
9.889189e-01 -1.312300e-01 -6.941215e-02 -2.057197e+02 1.281293e-01 9.906241e-01 -4.739989e-02 -3.381804e+01 7.498164e-02 3.798091e-02 9.964613e-01 7.695401e+02
9.891246e-01 -1.297276e-01 -6.930515e-02 -2.058391e+02 1.266218e-01 9.908137e-01 -4.748740e-02 -3.391616e+01 7.482892e-02 3.819541e-02 9.964646e-01 7.711872e+02
9.893069e-01 -1.284464e-01 -6.908920e-02 -2.059520e+02 1.255020e-01 9.910536e-01 -4.540831e-02 -3.401020e+01 7.430363e-02 3.625192e-02 9.965765e-01 7.728486e+02
9.897065e-01 -1.253699e-01 -6.901772e-02 -2.060623e+02 1.225052e-01 9.914787e-01 -4.429912e-02 -3.410295e+01 7.398337e-02 3.538810e-02 9.966314e-01 7.744892e+02
9.900103e-01 -1.235247e-01 -6.797988e-02 -2.061856e+02 1.206864e-01 9.916972e-01 -4.440085e-02 -3.419725e+01 7.290006e-02 3.575306e-02 9.966982e-01 7.761763e+02
9.902153e-01 -1.221894e-01 -6.740505e-02 -2.062988e+02 1.193115e-01 9.918274e-01 -4.520073e-02 -3.429603e+01 7.237723e-02 3.671625e-02 9.967013e-01 7.778117e+02
9.901847e-01 -1.228411e-01 -6.666577e-02 -2.064096e+02 1.199711e-01 9.917349e-01 -4.548453e-02 -3.439106e+01 7.170214e-02 3.704011e-02 9.967381e-01 7.794483e+02
9.900676e-01 -1.240909e-01 -6.608713e-02 -2.065220e+02 1.212331e-01 9.915742e-01 -4.564186e-02 -3.448050e+01 7.119403e-02 3.717659e-02 9.967694e-01 7.810750e+02
9.898807e-01 -1.256347e-01 -6.597105e-02 -2.066324e+02 1.227373e-01 9.913590e-01 -4.629104e-02 -3.457916e+01 7.121676e-02 3.772550e-02 9.967472e-01 7.826948e+02
9.894681e-01 -1.288691e-01 -6.592139e-02 -2.067345e+02 1.260402e-01 9.909845e-01 -4.542571e-02 -3.467633e+01 7.118105e-02 3.663854e-02 9.967903e-01 7.843326e+02
9.892404e-01 -1.306656e-01 -6.580271e-02 -2.068415e+02 1.279737e-01 9.908186e-01 -4.360343e-02 -3.476929e+01 7.089601e-02 3.471326e-02 9.968795e-01 7.859513e+02
9.892043e-01 -1.309244e-01 -6.583059e-02 -2.069439e+02 1.283763e-01 9.908539e-01 -4.157099e-02 -3.486636e+01 7.067116e-02 3.267111e-02 9.969645e-01 7.875091e+02
9.892745e-01 -1.306798e-01 -6.525950e-02 -2.070423e+02 1.282501e-01 9.909290e-01 -4.014467e-02 -3.495372e+01 6.991363e-02 3.134456e-02 9.970605e-01 7.890401e+02
9.893655e-01 -1.302251e-01 -6.478734e-02 -2.071446e+02 1.278309e-01 9.909955e-01 -3.983870e-02 -3.504519e+01 6.939197e-02 3.113322e-02 9.971035e-01 7.905770e+02
9.892071e-01 -1.313693e-01 -6.489614e-02 -2.072191e+02 1.289283e-01 9.908270e-01 -4.048770e-02 -3.513126e+01 6.961969e-02 3.168377e-02 9.970703e-01 7.921441e+02
9.889556e-01 -1.329545e-01 -6.549710e-02 -2.073174e+02 1.305081e-01 9.906266e-01 -4.033197e-02 -3.522785e+01 7.024548e-02 3.133862e-02 9.970373e-01 7.936381e+02
9.887638e-01 -1.338206e-01 -6.661975e-02 -2.074097e+02 1.313066e-01 9.905017e-01 -4.080463e-02 -3.531469e+01 7.144747e-02 3.159853e-02 9.969437e-01 7.951038e+02
9.885695e-01 -1.349102e-01 -6.730154e-02 -2.075046e+02 1.323125e-01 9.903310e-01 -4.168787e-02 -3.539683e+01 7.227492e-02 3.230652e-02 9.968614e-01 7.965287e+02
9.886765e-01 -1.336780e-01 -6.818348e-02 -2.076011e+02 1.310361e-01 9.904930e-01 -4.186970e-02 -3.547996e+01 7.313232e-02 3.246109e-02 9.967938e-01 7.979277e+02
9.886914e-01 -1.333985e-01 -6.851359e-02 -2.076901e+02 1.307974e-01 9.905543e-01 -4.116125e-02 -3.557059e+01 7.335727e-02 3.173438e-02 9.968007e-01 7.993032e+02
9.888368e-01 -1.318950e-01 -6.932135e-02 -2.077878e+02 1.292951e-01 9.907681e-01 -4.075986e-02 -3.564962e+01 7.405740e-02 3.134194e-02 9.967613e-01 8.006536e+02
9.888002e-01 -1.320415e-01 -6.956494e-02 -2.078748e+02 1.294694e-01 9.907646e-01 -4.028929e-02 -3.573543e+01 7.424234e-02 3.083153e-02 9.967635e-01 8.019797e+02
9.887250e-01 -1.325182e-01 -6.972653e-02 -2.079738e+02 1.299010e-01 9.906856e-01 -4.083821e-02 -3.582062e+01 7.448887e-02 3.132021e-02 9.967299e-01 8.033107e+02
9.884029e-01 -1.344273e-01 -7.063354e-02 -2.080547e+02 1.317586e-01 9.904255e-01 -4.119378e-02 -3.589865e+01 7.549483e-02 3.140947e-02 9.966514e-01 8.045598e+02
9.882723e-01 -1.345992e-01 -7.211732e-02 -2.081334e+02 1.319302e-01 9.904273e-01 -4.059732e-02 -3.597479e+01 7.689133e-02 3.060676e-02 9.965696e-01 8.058261e+02
9.880365e-01 -1.359221e-01 -7.286332e-02 -2.082220e+02 1.332613e-01 9.902639e-01 -4.023601e-02 -3.605207e+01 7.762287e-02 3.004479e-02 9.965300e-01 8.070540e+02
9.880500e-01 -1.354823e-01 -7.349708e-02 -2.083086e+02 1.327919e-01 9.903220e-01 -4.035546e-02 -3.612213e+01 7.825322e-02 3.011339e-02 9.964786e-01 8.082382e+02
9.880715e-01 -1.354357e-01 -7.329362e-02 -2.083964e+02 1.326907e-01 9.903038e-01 -4.112976e-02 -3.619847e+01 7.815339e-02 3.091376e-02 9.964619e-01 8.094099e+02
9.882515e-01 -1.344639e-01 -7.265292e-02 -2.084838e+02 1.315871e-01 9.903693e-01 -4.305119e-02 -3.626680e+01 7.774206e-02 3.298521e-02 9.964277e-01 8.105375e+02
9.882829e-01 -1.342482e-01 -7.262500e-02 -2.085610e+02 1.314542e-01 9.904324e-01 -4.199423e-02 -3.633878e+01 7.756780e-02 3.195532e-02 9.964748e-01 8.116571e+02
9.882997e-01 -1.343212e-01 -7.225996e-02 -2.086459e+02 1.316883e-01 9.904812e-01 -4.006538e-02 -3.641118e+01 7.695376e-02 3.008082e-02 9.965808e-01 8.127405e+02
9.883485e-01 -1.341516e-01 -7.190697e-02 -2.087250e+02 1.315357e-01 9.905050e-01 -3.997812e-02 -3.647848e+01 7.658734e-02 3.005398e-02 9.966098e-01 8.138158e+02
9.881730e-01 -1.356252e-01 -7.155362e-02 -2.087881e+02 1.328839e-01 9.902500e-01 -4.179487e-02 -3.654173e+01 7.652441e-02 3.179224e-02 9.965607e-01 8.148582e+02
9.880772e-01 -1.365556e-01 -7.110516e-02 -2.088611e+02 1.337824e-01 9.901022e-01 -4.242475e-02 -3.660214e+01 7.619471e-02 3.240631e-02 9.965662e-01 8.158869e+02
9.880693e-01 -1.367986e-01 -7.074759e-02 -2.089339e+02 1.341163e-01 9.901009e-01 -4.138917e-02 -3.665731e+01 7.570923e-02 3.140697e-02 9.966352e-01 8.169053e+02
9.882639e-01 -1.354532e-01 -7.061810e-02 -2.090070e+02 1.328964e-01 9.903325e-01 -3.974966e-02 -3.671804e+01 7.531963e-02 2.989827e-02 9.967111e-01 8.178928e+02
9.881660e-01 -1.361100e-01 -7.072473e-02 -2.090713e+02 1.335848e-01 9.902576e-01 -3.930752e-02 -3.677859e+01 7.538584e-02 2.939461e-02 9.967211e-01 8.188572e+02
9.881346e-01 -1.363734e-01 -7.065569e-02 -2.091373e+02 1.338432e-01 9.902186e-01 -3.940883e-02 -3.684631e+01 7.533890e-02 2.948445e-02 9.967220e-01 8.198101e+02
9.882361e-01 -1.359685e-01 -7.001475e-02 -2.092060e+02 1.334114e-01 9.902528e-01 -4.000873e-02 -3.690041e+01 7.477223e-02 3.019730e-02 9.967433e-01 8.207291e+02
9.882598e-01 -1.358359e-01 -6.993638e-02 -2.092657e+02 1.332621e-01 9.902628e-01 -4.026016e-02 -3.695105e+01 7.472417e-02 3.046763e-02 9.967387e-01 8.216072e+02
9.879807e-01 -1.377562e-01 -7.012455e-02 -2.093237e+02 1.352346e-01 9.900243e-01 -3.954212e-02 -3.700542e+01 7.487218e-02 2.958359e-02 9.967542e-01 8.224736e+02
9.878090e-01 -1.388212e-01 -7.044244e-02 -2.093816e+02 1.363148e-01 9.898879e-01 -3.924519e-02 -3.705896e+01 7.517818e-02 2.916441e-02 9.967435e-01 8.233063e+02
9.875448e-01 -1.402532e-01 -7.130495e-02 -2.094435e+02 1.377854e-01 9.897156e-01 -3.844801e-02 -3.711116e+01 7.596407e-02 2.814436e-02 9.967133e-01 8.241470e+02
9.873880e-01 -1.405608e-01 -7.285302e-02 -2.095033e+02 1.381269e-01 9.897059e-01 -3.745990e-02 -3.715997e+01 7.736845e-02 2.692449e-02 9.966389e-01 8.249539e+02
9.870130e-01 -1.422070e-01 -7.471591e-02 -2.095542e+02 1.398119e-01 9.895092e-01 -3.639060e-02 -3.720393e+01 7.910707e-02 2.547182e-02 9.965406e-01 8.257227e+02
9.868535e-01 -1.423259e-01 -7.657370e-02 -2.096159e+02 1.399152e-01 9.895087e-01 -3.600300e-02 -3.724759e+01 8.089450e-02 2.481586e-02 9.964137e-01 8.264759e+02
9.866717e-01 -1.423191e-01 -7.889371e-02 -2.096731e+02 1.398328e-01 9.895125e-01 -3.621816e-02 -3.729090e+01 8.322084e-02 2.470351e-02 9.962249e-01 8.272063e+02
9.863880e-01 -1.432422e-01 -8.074944e-02 -2.097283e+02 1.406594e-01 9.893723e-01 -3.684361e-02 -3.733081e+01 8.516882e-02 2.498392e-02 9.960532e-01 8.279119e+02
9.861774e-01 -1.438510e-01 -8.222510e-02 -2.097853e+02 1.412167e-01 9.892858e-01 -3.703318e-02 -3.737037e+01 8.667138e-02 2.490973e-02 9.959255e-01 8.286021e+02
9.860859e-01 -1.439207e-01 -8.319541e-02 -2.098397e+02 1.411537e-01 9.892478e-01 -3.826656e-02 -3.741169e+01 8.780824e-02 2.599078e-02 9.957983e-01 8.292652e+02
9.860913e-01 -1.434032e-01 -8.402080e-02 -2.098965e+02 1.406207e-01 9.893271e-01 -3.817900e-02 -3.744828e+01 8.859905e-02 2.583291e-02 9.957323e-01 8.299033e+02
9.861399e-01 -1.424645e-01 -8.504155e-02 -2.099535e+02 1.396372e-01 9.894599e-01 -3.834723e-02 -3.748715e+01 8.960832e-02 2.594077e-02 9.956392e-01 8.305373e+02
9.861208e-01 -1.421513e-01 -8.578363e-02 -2.100067e+02 1.392655e-01 9.894960e-01 -3.876683e-02 -3.752649e+01 9.039331e-02 2.628207e-02 9.955593e-01 8.311504e+02
9.860268e-01 -1.424977e-01 -8.628801e-02 -2.100578e+02 1.395163e-01 9.894245e-01 -3.967905e-02 -3.756320e+01 9.102964e-02 2.708602e-02 9.954798e-01 8.317481e+02
9.860036e-01 -1.427432e-01 -8.614675e-02 -2.101098e+02 1.397276e-01 9.893775e-01 -4.010532e-02 -3.759611e+01 9.095641e-02 2.750691e-02 9.954749e-01 8.323340e+02
9.862054e-01 -1.413834e-01 -8.607945e-02 -2.101598e+02 1.384654e-01 9.895989e-01 -3.900536e-02 -3.763019e+01 9.069884e-02 2.654827e-02 9.955244e-01 8.329072e+02
9.863464e-01 -1.408130e-01 -8.539556e-02 -2.102090e+02 1.379979e-01 9.897015e-01 -3.804739e-02 -3.766724e+01 8.987368e-02 2.574350e-02 9.956204e-01 8.334667e+02
9.864809e-01 -1.404315e-01 -8.446547e-02 -2.102568e+02 1.377163e-01 9.897734e-01 -3.718561e-02 -3.770211e+01 8.882371e-02 2.505062e-02 9.957323e-01 8.340137e+02
9.864550e-01 -1.410331e-01 -8.376324e-02 -2.102987e+02 1.384078e-01 9.897065e-01 -3.639258e-02 -3.773372e+01 8.803357e-02 2.430615e-02 9.958209e-01 8.345450e+02
9.860561e-01 -1.439914e-01 -8.342587e-02 -2.103375e+02 1.414962e-01 9.893157e-01 -3.511789e-02 -3.776256e+01 8.759120e-02 2.282376e-02 9.958950e-01 8.350536e+02
9.860294e-01 -1.444707e-01 -8.291058e-02 -2.103767e+02 1.420286e-01 9.892554e-01 -3.466444e-02 -3.779416e+01 8.702773e-02 2.240449e-02 9.959539e-01 8.355446e+02
9.861114e-01 -1.445561e-01 -8.177905e-02 -2.104191e+02 1.420558e-01 9.892169e-01 -3.563926e-02 -3.781745e+01 8.604909e-02 2.352709e-02 9.960131e-01 8.360137e+02
9.863354e-01 -1.432537e-01 -8.136910e-02 -2.104590e+02 1.407234e-01 9.893923e-01 -3.605338e-02 -3.784371e+01 8.567074e-02 2.411019e-02 9.960317e-01 8.364659e+02
9.862508e-01 -1.440526e-01 -8.098217e-02 -2.104950e+02 1.414225e-01 9.892442e-01 -3.735636e-02 -3.786926e+01 8.549242e-02 2.539004e-02 9.960153e-01 8.369116e+02
9.861925e-01 -1.445667e-01 -8.077643e-02 -2.105296e+02 1.418268e-01 9.891341e-01 -3.871533e-02 -3.789181e+01 8.549567e-02 2.672450e-02 9.959801e-01 8.373490e+02
9.857069e-01 -1.478540e-01 -8.075366e-02 -2.105575e+02 1.450353e-01 9.886275e-01 -3.975373e-02 -3.791391e+01 8.571304e-02 2.747340e-02 9.959410e-01 8.377642e+02
9.856191e-01 -1.485276e-01 -8.058818e-02 -2.105864e+02 1.457505e-01 9.885387e-01 -3.934640e-02 -3.793537e+01 8.550856e-02 2.703480e-02 9.959706e-01 8.381643e+02
9.857662e-01 -1.476548e-01 -8.039272e-02 -2.106216e+02 1.449773e-01 9.886968e-01 -3.821335e-02 -3.795910e+01 8.512640e-02 2.601431e-02 9.960305e-01 8.385495e+02
