1.000000e+00 0.000000e+00 0.000000e+00 0.000000e+00 0.000000e+00 1.000000e+00 0.000000e+00 0.000000e+00 0.000000e+00 0.000000e+00 1.000000e+00 0.000000e+00
9.999930e-01 7.910263e-04 -3.649424e-03 -4.340158e-03 -7.857288e-04 9.999986e-01 1.452794e-03 -2.835501e-02 3.650568e-03 -1.449916e-03 9.999923e-01 1.670801e+00
9.999834e-01 -2.119295e-04 -5.759556e-03 -2.877864e-02 2.185359e-04 9.999993e-01 1.146426e-03 -5.205781e-02 5.759310e-03 -1.147665e-03 9.999828e-01 3.351765e+00
9.999683e-01 1.110670e-03 -7.886231e-03 -4.769066e-02 -1.106616e-03 9.999993e-01 5.183224e-04 -7.309905e-02 7.886800e-03 -5.095789e-04 9.999688e-01 5.009740e+00
9.999492e-01 4.681146e-03 -8.921523e-03 -8.650596e-02 -4.681048e-03 9.999890e-01 3.184514e-05 -9.410689e-02 8.921574e-03 9.918550e-06 9.999602e-01 6.708596e+00
9.999127e-01 3.233035e-03 -1.280978e-02 -7.515963e-02 -3.216413e-03 9.999940e-01 1.317972e-03 -1.229956e-01 1.281396e-02 -1.276656e-03 9.999171e-01 8.407907e+00
9.998799e-01 6.860605e-03 -1.389540e-02 -1.203634e-01 -6.849662e-03 9.999762e-01 8.349662e-04 -1.482632e-01 1.390080e-02 -7.396872e-04 9.999031e-01 1.011051e+01
9.998198e-01 1.284230e-02 -1.398002e-02 -1.780021e-01 -1.285003e-02 9.999173e-01 -4.633075e-04 -1.691397e-01 1.397291e-02 6.428677e-04 9.999022e-01 1.177362e+01
9.997813e-01 1.578108e-02 -1.372314e-02 -2.407167e-01 -1.579487e-02 9.998749e-01 -8.972166e-04 -1.833691e-01 1.370726e-02 1.113776e-03 9.999054e-01 1.344975e+01
9.997004e-01 1.948849e-02 -1.481202e-02 -2.880163e-01 -1.949818e-02 9.998098e-01 -5.099411e-04 -2.050869e-01 1.479926e-02 7.985957e-04 9.998902e-01 1.511861e+01
9.996614e-01 1.904365e-02 -1.773279e-02 -3.187274e-01 -1.904479e-02 9.998186e-01 1.045354e-04 -2.319581e-01 1.773156e-02 2.332172e-04 9.998428e-01 1.698058e+01
9.996069e-01 1.913129e-02 -2.049629e-02 -3.570632e-01 -1.913548e-02 9.998169e-01 -8.208446e-06 -2.517875e-01 2.049238e-02 4.004115e-04 9.997899e-01 1.863063e+01
9.995990e-01 1.543106e-02 -2.374324e-02 -4.050706e-01 -1.541017e-02 9.998807e-01 1.062641e-03 -2.760385e-01 2.375681e-02 -6.963275e-04 9.997175e-01 2.038210e+01
9.994909e-01 1.964374e-02 -2.514216e-02 -4.738513e-01 -1.961193e-02 9.998065e-01 1.511176e-03 -2.958228e-01 2.516698e-02 -1.017320e-03 9.996827e-01 2.214001e+01
9.991029e-01 3.465313e-02 -2.434291e-02 -5.945735e-01 -3.467685e-02 9.993984e-01 -5.530656e-04 -3.077448e-01 2.430910e-02 1.396705e-03 9.997035e-01 2.390420e+01
9.989757e-01 3.695071e-02 -2.612060e-02 -6.736219e-01 -3.702906e-02 9.993110e-01 -2.522073e-03 -3.426973e-01 2.600941e-02 3.486711e-03 9.996556e-01 2.590560e+01
9.988770e-01 3.786917e-02 -2.847296e-02 -7.320341e-01 -3.802732e-02 9.992640e-01 -5.033506e-03 -3.716243e-01 2.826139e-02 6.110604e-03 9.995819e-01 2.770191e+01
9.986466e-01 4.065097e-02 -3.244139e-02 -7.704233e-01 -4.080851e-02 9.991581e-01 -4.208601e-03 -3.983840e-01 3.224299e-02 5.526790e-03 9.994648e-01 2.950360e+01
9.986644e-01 3.812177e-02 -3.487278e-02 -8.297717e-01 -3.814475e-02 9.992722e-01 6.282120e-06 -4.249287e-01 3.484764e-02 1.323940e-03 9.993918e-01 3.115355e+01
9.984568e-01 4.295113e-02 -3.520322e-02 -9.235043e-01 -4.284953e-02 9.990749e-01 3.635900e-03 -4.331147e-01 3.532682e-02 -2.121847e-03 9.993736e-01 3.289268e+01
9.981596e-01 4.817149e-02 -3.683675e-02 -1.019814e+00 -4.799194e-02 9.988312e-01 5.743637e-03 -4.329346e-01 3.707038e-02 -3.965199e-03 9.993048e-01 3.479580e+01
9.980530e-01 4.817464e-02 -3.961493e-02 -1.095198e+00 -4.798958e-02 9.988321e-01 5.609757e-03 -4.506784e-01 3.983891e-02 -3.697731e-03 9.991993e-01 3.669921e+01
9.978803e-01 5.000928e-02 -4.164160e-02 -1.208634e+00 -4.999853e-02 9.987484e-01 1.300148e-03 -4.805358e-01 4.165450e-02 7.846269e-04 9.991318e-01 3.898736e+01
9.975920e-01 5.560262e-02 -4.145445e-02 -1.370422e+00 -5.585885e-02 9.984259e-01 -5.047616e-03 -4.961235e-01 4.110854e-02 7.351060e-03 9.991276e-01 4.108569e+01
9.974700e-01 5.573075e-02 -4.413244e-02 -1.480721e+00 -5.615095e-02 9.983875e-01 -8.338555e-03 -5.325510e-01 4.359656e-02 1.079554e-02 9.989909e-01 4.294092e+01
9.974327e-01 5.276600e-02 -4.841303e-02 -1.563556e+00 -5.326319e-02 9.985396e-01 -9.036842e-03 -5.730415e-01 4.786549e-02 1.159227e-02 9.987865e-01 4.463365e+01
9.973536e-01 4.946049e-02 -5.328675e-02 -1.645510e+00 -4.988126e-02 9.987334e-01 -6.594686e-03 -6.082146e-01 5.289308e-02 9.235244e-03 9.985575e-01 4.621969e+01
9.972719e-01 4.417327e-02 -5.913934e-02 -1.716070e+00 -4.448028e-02 9.990027e-01 -3.884422e-03 -6.406205e-01 5.890878e-02 6.504359e-03 9.982422e-01 4.795362e+01
9.968625e-01 4.577733e-02 -6.457191e-02 -1.798403e+00 -4.614433e-02 9.989259e-01 -4.202833e-03 -6.728915e-01 6.431016e-02 7.169274e-03 9.979042e-01 4.961821e+01
9.966167e-01 4.657705e-02 -6.771735e-02 -1.930545e+00 -4.689453e-02 9.988950e-01 -3.105404e-03 -7.019541e-01 6.749789e-02 6.270471e-03 9.976997e-01 5.147354e+01
9.961829e-01 5.302956e-02 -6.933552e-02 -2.085326e+00 -5.317086e-02 9.985854e-01 -1.926576e-04 -7.247544e-01 6.922722e-02 3.878551e-03 9.975934e-01 5.298504e+01
9.960495e-01 5.316828e-02 -7.112291e-02 -2.206990e+00 -5.316797e-02 9.985838e-01 1.898919e-03 -7.436613e-01 7.112315e-02 1.890043e-03 9.974658e-01 5.454144e+01
9.959403e-01 5.356701e-02 -7.234349e-02 -2.331536e+00 -5.357013e-02 9.985623e-01 1.898585e-03 -7.614891e-01 7.234118e-02 1.984573e-03 9.973780e-01 5.612303e+01
9.957759e-01 5.304427e-02 -7.494448e-02 -2.453825e+00 -5.317876e-02 9.985850e-01 2.012652e-04 -7.805110e-01 7.484911e-02 3.785039e-03 9.971877e-01 5.777276e+01
9.953671e-01 5.585801e-02 -7.825745e-02 -2.583508e+00 -5.614622e-02 9.984215e-01 -1.485660e-03 -8.007981e-01 7.805093e-02 5.872637e-03 9.969321e-01 5.947790e+01
9.952227e-01 5.469553e-02 -8.087163e-02 -2.708963e+00 -5.491063e-02 9.984912e-01 -4.364661e-04 -8.237128e-01 8.072574e-02 4.875093e-03 9.967244e-01 6.102858e+01
9.953087e-01 4.992998e-02 -8.287089e-02 -2.832540e+00 -4.996092e-02 9.987497e-01 1.701649e-03 -8.400412e-01 8.285224e-02 2.446640e-03 9.965588e-01 6.246756e+01
9.952118e-01 4.779555e-02 -8.525892e-02 -2.992535e+00 -4.766367e-02 9.988570e-01 3.582917e-03 -8.563860e-01 8.533272e-02 4.979924e-04 9.963524e-01 6.421689e+01
9.951604e-01 4.671819e-02 -8.644811e-02 -3.160468e+00 -4.657115e-02 9.989081e-01 3.718112e-03 -8.712135e-01 8.652742e-02 3.258699e-04 9.962494e-01 6.590514e+01
9.950028e-01 4.756858e-02 -8.778754e-02 -3.325334e+00 -4.751925e-02 9.988668e-01 2.652924e-03 -8.903242e-01 8.781425e-02 1.531931e-03 9.961357e-01 6.749585e+01
9.947773e-01 4.755691e-02 -9.031312e-02 -3.497626e+00 -4.765150e-02 9.988634e-01 1.109741e-03 -9.040216e-01 9.026325e-02 3.199611e-03 9.959128e-01 6.919629e+01
9.944174e-01 5.332818e-02 -9.105000e-02 -3.710106e+00 -5.352096e-02 9.985667e-01 3.247435e-04 -9.150137e-01 9.093682e-02 4.550153e-03 9.958463e-01 7.092503e+01
9.940527e-01 5.520156e-02 -9.387284e-02 -3.832891e+00 -5.542442e-02 9.984629e-01 2.334528e-04 -9.432594e-01 9.374143e-02 4.970783e-03 9.955842e-01 7.248580e+01
9.939347e-01 5.494002e-02 -9.526453e-02 -3.975413e+00 -5.524801e-02 9.984725e-01 -5.964837e-04 -9.605315e-01 9.508624e-02 5.856042e-03 9.954518e-01 7.394795e+01
9.936748e-01 5.683499e-02 -9.685111e-02 -4.154824e+00 -5.737379e-02 9.983489e-01 -2.785141e-03 -9.797818e-01 9.653290e-02 8.324240e-03 9.952950e-01 7.554758e+01
9.933267e-01 6.114257e-02 -9.779415e-02 -4.326264e+00 -6.176929e-02 9.980847e-01 -3.390964e-03 -9.963203e-01 9.739952e-02 9.409010e-03 9.952009e-01 7.702271e+01
9.926408e-01 7.227450e-02 -9.716249e-02 -4.540243e+00 -7.278320e-02 9.973463e-01 -1.696898e-03 -1.014759e+00 9.678201e-02 8.756208e-03 9.952671e-01 7.853058e+01
9.919041e-01 8.201039e-02 -9.695601e-02 -4.715358e+00 -8.243628e-02 9.965963e-01 -3.882293e-04 -1.030156e+00 9.659416e-02 8.377780e-03 9.952886e-01 7.986951e+01
9.910980e-01 9.084778e-02 -9.732161e-02 -4.909370e+00 -9.123347e-02 9.958294e-01 4.889362e-04 -1.044750e+00 9.696014e-02 8.394405e-03 9.952529e-01 8.147404e+01
9.905205e-01 9.624482e-02 -9.801101e-02 -5.093231e+00 -9.672011e-02 9.953116e-01 -9.854585e-05 -1.057647e+00 9.754201e-02 9.577247e-03 9.951853e-01 8.311377e+01
9.892919e-01 1.083577e-01 -9.777581e-02 -5.307159e+00 -1.089257e-01 9.940498e-01 -4.741631e-04 -1.079639e+00 9.714264e-02 1.111939e-02 9.952084e-01 8.455396e+01
9.887513e-01 1.125666e-01 -9.848676e-02 -5.497101e+00 -1.131192e-01 9.935814e-01 -2.735316e-05 -1.094730e+00 9.785154e-02 1.116779e-02 9.951384e-01 8.611183e+01
9.878367e-01 1.193270e-01 -9.969793e-02 -5.677786e+00 -1.198823e-01 9.927880e-01 4.238684e-04 -1.110971e+00 9.902949e-02 1.153330e-02 9.950177e-01 8.758923e+01
9.870666e-01 1.243680e-01 -1.011544e-01 -5.860297e+00 -1.248147e-01 9.921782e-01 1.925521e-03 -1.125394e+00 1.006027e-01 1.072495e-02 9.948689e-01 8.912473e+01
9.862883e-01 1.291058e-01 -1.027967e-01 -6.060527e+00 -1.294644e-01 9.915789e-01 3.203879e-03 -1.140671e+00 1.023447e-01 1.014856e-02 9.946972e-01 9.073959e+01
9.855056e-01 1.324705e-01 -1.059728e-01 -6.261730e+00 -1.329215e-01 9.911225e-01 2.827228e-03 -1.154032e+00 1.054065e-01 1.129981e-02 9.943650e-01 9.249452e+01
9.847643e-01 1.346413e-01 -1.100499e-01 -6.451988e+00 -1.352794e-01 9.908061e-01 1.681820e-03 -1.186353e+00 1.092645e-01 1.323128e-02 9.939246e-01 9.425187e+01
9.839398e-01 1.383292e-01 -1.128163e-01 -6.643171e+00 -1.391714e-01 9.902682e-01 4.143217e-04 -1.208098e+00 1.117758e-01 1.529314e-02 9.936158e-01 9.581657e+01
9.834439e-01 1.413122e-01 -1.134418e-01 -6.879354e+00 -1.418719e-01 9.898800e-01 3.165426e-03 -1.221418e+00 1.127411e-01 1.298118e-02 9.935396e-01 9.750486e+01
9.830729e-01 1.429627e-01 -1.145833e-01 -7.097026e+00 -1.431495e-01 9.896788e-01 6.639498e-03 -1.222291e+00 1.143499e-01 9.875424e-03 9.933915e-01 9.914956e+01
9.832805e-01 1.397241e-01 -1.167757e-01 -7.301380e+00 -1.398009e-01 9.901507e-01 7.573600e-03 -1.227897e+00 1.166837e-01 8.878378e-03 9.931294e-01 1.008608e+02
9.830371e-01 1.396108e-01 -1.189405e-01 -7.510716e+00 -1.400234e-01 9.901360e-01 4.922728e-03 -1.237000e+00 1.184545e-01 1.181523e-02 9.928892e-01 1.024873e+02
9.830489e-01 1.378546e-01 -1.208763e-01 -7.713772e+00 -1.383430e-01 9.903747e-01 4.382303e-03 -1.248232e+00 1.203169e-01 1.241437e-02 9.926579e-01 1.041227e+02
9.828480e-01 1.371556e-01 -1.232807e-01 -7.924049e+00 -1.377804e-01 9.904567e-01 3.483548e-03 -1.262590e+00 1.225820e-01 1.356187e-02 9.923657e-01 1.057795e+02
9.823842e-01 1.375310e-01 -1.265170e-01 -8.124472e+00 -1.384545e-01 9.903676e-01 1.507251e-03 -1.275784e+00 1.255056e-01 1.603615e-02 9.919633e-01 1.073648e+02
9.808215e-01 1.466703e-01 -1.283631e-01 -8.370736e+00 -1.477821e-01 9.890196e-01 8.718362e-04 -1.290548e+00 1.270815e-01 1.811465e-02 9.917269e-01 1.090510e+02
9.787862e-01 1.591189e-01 -1.290691e-01 -8.591690e+00 -1.597222e-01 9.871454e-01 5.730087e-03 -1.303023e+00 1.283217e-01 1.500667e-02 9.916190e-01 1.105969e+02
9.774145e-01 1.674755e-01 -1.288906e-01 -8.839228e+00 -1.675449e-01 9.858098e-01 1.038247e-02 -1.294494e+00 1.288004e-01 1.144698e-02 9.916045e-01 1.122193e+02
9.773309e-01 1.666106e-01 -1.306336e-01 -9.076543e+00 -1.666284e-01 9.859598e-01 1.087218e-02 -1.289400e+00 1.306109e-01 1.114154e-02 9.913711e-01 1.139707e+02
9.779338e-01 1.618588e-01 -1.320880e-01 -9.314144e+00 -1.619620e-01 9.867460e-01 1.003391e-02 -1.282776e+00 1.319614e-01 1.158074e-02 9.911872e-01 1.155926e+02
9.784890e-01 1.569969e-01 -1.338332e-01 -9.526434e+00 -1.573079e-01 9.875146e-01 8.313950e-03 -1.289795e+00 1.334675e-01 1.291791e-02 9.909690e-01 1.171815e+02
9.785388e-01 1.559136e-01 -1.347325e-01 -9.745215e+00 -1.565223e-01 9.876554e-01 6.128950e-03 -1.298435e+00 1.340249e-01 1.509123e-02 9.908630e-01 1.187839e+02
9.780598e-01 1.592057e-01 -1.343600e-01 -9.971435e+00 -1.599326e-01 9.871130e-01 5.435804e-03 -1.300156e+00 1.334939e-01 1.617200e-02 9.909177e-01 1.203554e+02
9.774342e-01 1.641003e-01 -1.330167e-01 -1.019318e+01 -1.646275e-01 9.863302e-01 7.101205e-03 -1.304418e+00 1.323637e-01 1.495724e-02 9.910884e-01 1.217983e+02
9.768933e-01 1.683909e-01 -1.316207e-01 -1.044775e+01 -1.687818e-01 9.856188e-01 8.262153e-03 -1.300949e+00 1.311191e-01 1.414394e-02 9.912657e-01 1.234750e+02
9.764950e-01 1.701368e-01 -1.323289e-01 -1.068492e+01 -1.706609e-01 9.853016e-01 7.455217e-03 -1.301407e+00 1.316523e-01 1.530339e-02 9.911778e-01 1.251417e+02
9.762735e-01 1.698293e-01 -1.343433e-01 -1.092125e+01 -1.705906e-01 9.853243e-01 5.909411e-03 -1.307605e+00 1.333753e-01 1.714851e-02 9.909172e-01 1.268039e+02
9.753036e-01 1.741232e-01 -1.358820e-01 -1.115037e+01 -1.745978e-01 9.846031e-01 8.509721e-03 -1.306329e+00 1.352716e-01 1.542514e-02 9.906885e-01 1.284685e+02
9.746791e-01 1.769788e-01 -1.366720e-01 -1.141011e+01 -1.773802e-01 9.840981e-01 9.334319e-03 -1.308600e+00 1.361507e-01 1.514495e-02 9.905724e-01 1.301910e+02
9.739919e-01 1.798952e-01 -1.377592e-01 -1.166526e+01 -1.807552e-01 9.835076e-01 6.345780e-03 -1.304912e+00 1.366288e-01 1.871995e-02 9.904454e-01 1.318910e+02
9.740638e-01 1.777870e-01 -1.399692e-01 -1.190343e+01 -1.789392e-01 9.838502e-01 4.412833e-03 -1.312178e+00 1.384933e-01 2.074760e-02 9.901460e-01 1.335323e+02
9.735885e-01 1.797211e-01 -1.408037e-01 -1.214821e+01 -1.809030e-01 9.834908e-01 4.466566e-03 -1.319395e+00 1.392819e-01 2.112322e-02 9.900275e-01 1.350574e+02
9.731907e-01 1.819358e-01 -1.407096e-01 -1.238779e+01 -1.829892e-01 9.830994e-01 5.526021e-03 -1.321044e+00 1.393369e-01 2.037047e-02 9.900355e-01 1.365464e+02
9.733149e-01 1.810795e-01 -1.409552e-01 -1.259574e+01 -1.819382e-01 9.832859e-01 6.879842e-03 -1.323762e+00 1.398451e-01 1.894889e-02 9.899921e-01 1.378823e+02
9.733597e-01 1.797747e-01 -1.423095e-01 -1.281919e+01 -1.805897e-01 9.835316e-01 7.274832e-03 -1.337243e+00 1.412737e-01 1.861860e-02 9.897955e-01 1.394473e+02
9.731566e-01 1.800730e-01 -1.433173e-01 -1.307498e+01 -1.807795e-01 9.834896e-01 8.186140e-03 -1.341573e+00 1.424252e-01 1.794243e-02 9.896429e-01 1.411009e+02
9.725988e-01 1.822489e-01 -1.443502e-01 -1.330527e+01 -1.830395e-01 9.830738e-01 7.898568e-03 -1.346459e+00 1.433464e-01 1.873965e-02 9.894951e-01 1.426170e+02
9.726227e-01 1.807671e-01 -1.460425e-01 -1.354077e+01 -1.814761e-01 9.833580e-01 8.565856e-03 -1.353839e+00 1.451605e-01 1.817189e-02 9.892412e-01 1.442200e+02
9.717447e-01 1.840353e-01 -1.477943e-01 -1.377344e+01 -1.847724e-01 9.827415e-01 8.847346e-03 -1.363889e+00 1.468718e-01 1.871094e-02 9.889785e-01 1.458327e+02
9.710591e-01 1.874925e-01 -1.479552e-01 -1.402490e+01 -1.882096e-01 9.820852e-01 9.266506e-03 -1.363384e+00 1.470420e-01 1.884827e-02 9.889506e-01 1.473430e+02
9.707300e-01 1.886123e-01 -1.486898e-01 -1.428199e+01 -1.893803e-01 9.818616e-01 9.106652e-03 -1.361272e+00 1.477104e-01 1.931881e-02 9.888420e-01 1.489421e+02
9.702847e-01 1.901646e-01 -1.496161e-01 -1.455665e+01 -1.912256e-01 9.815182e-01 7.397217e-03 -1.360271e+00 1.482576e-01 2.143303e-02 9.887165e-01 1.506634e+02
9.702186e-01 1.890309e-01 -1.514704e-01 -1.484098e+01 -1.901942e-01 9.817222e-01 6.905049e-03 -1.363284e+00 1.500071e-01 2.210937e-02 9.884377e-01 1.524937e+02
9.700574e-01 1.890698e-01 -1.524509e-01 -1.508474e+01 -1.900750e-01 9.817363e-01 8.088202e-03 -1.375751e+00 1.511958e-01 2.113107e-02 9.882780e-01 1.540308e+02
9.694488e-01 1.919529e-01 -1.527190e-01 -1.533932e+01 -1.930897e-01 9.811525e-01 7.493838e-03 -1.373351e+00 1.512791e-01 2.222357e-02 9.882412e-01 1.555108e+02
9.690236e-01 1.929337e-01 -1.541747e-01 -1.559461e+01 -1.941377e-01 9.809467e-01 7.353089e-03 -1.376145e+00 1.526558e-01 2.280580e-02 9.880162e-01 1.570694e+02
9.687405e-01 1.935006e-01 -1.552395e-01 -1.586939e+01 -1.948560e-01 9.808097e-01 6.585954e-03 -1.379720e+00 1.535348e-01 2.386927e-02 9.878549e-01 1.587062e+02
9.684609e-01 1.945430e-01 -1.556808e-01 -1.612264e+01 -1.957617e-01 9.806219e-01 7.615689e-03 -1.386100e+00 1.541456e-01 2.310084e-02 9.877781e-01 1.602232e+02
9.681432e-01 1.949059e-01 -1.571956e-01 -1.634671e+01 -1.958813e-01 9.805824e-01 9.416153e-03 -1.392678e+00 1.559785e-01 2.167549e-02 9.875226e-01 1.616266e+02
9.680150e-01 1.950334e-01 -1.578254e-01 -1.659989e+01 -1.958907e-01 9.805721e-01 1.025895e-02 -1.386925e+00 1.567600e-01 2.098571e-02 9.874137e-01 1.630889e+02
9.676474e-01 1.952801e-01 -1.597630e-01 -1.687676e+01 -1.963133e-01 9.804957e-01 9.447346e-03 -1.389454e+00 1.584919e-01 2.222190e-02 9.871102e-01 1.647469e+02
9.675485e-01 1.958961e-01 -1.596075e-01 -1.716584e+01 -1.970073e-01 9.803608e-01 8.988769e-03 -1.391757e+00 1.582338e-01 2.274678e-02 9.871396e-01 1.663633e+02
9.671735e-01 1.966243e-01 -1.609795e-01 -1.740087e+01 -1.976363e-01 9.802258e-01 9.862145e-03 -1.396479e+00 1.597354e-01 2.227699e-02 9.869085e-01 1.678230e+02
9.672902e-01 1.960798e-01 -1.609421e-01 -1.766843e+01 -1.969720e-01 9.803523e-01 1.055183e-02 -1.402868e+00 1.598489e-01 2.149439e-02 9.869074e-01 1.693930e+02
9.676123e-01 1.935602e-01 -1.620519e-01 -1.794680e+01 -1.945728e-01 9.808396e-01 9.752391e-03 -1.408185e+00 1.608346e-01 2.209436e-02 9.867340e-01 1.710575e+02
9.670249e-01 1.970882e-01 -1.613045e-01 -1.823763e+01 -1.983266e-01 9.800987e-01 8.550206e-03 -1.411067e+00 1.597794e-01 2.372270e-02 9.868677e-01 1.726937e+02
9.664182e-01 2.007797e-01 -1.603849e-01 -1.852940e+01 -2.020942e-01 9.793314e-01 8.245317e-03 -1.412061e+00 1.587255e-01 2.444443e-02 9.870201e-01 1.743024e+02
9.666358e-01 1.998762e-01 -1.602021e-01 -1.880713e+01 -2.011200e-01 9.795290e-01 8.581552e-03 -1.418775e+00 1.586379e-01 2.392462e-02 9.870469e-01 1.759010e+02
9.667907e-01 1.990948e-01 -1.602404e-01 -1.907741e+01 -2.002315e-01 9.797055e-01 9.188121e-03 -1.424518e+00 1.588177e-01 2.320218e-02 9.870353e-01 1.775179e+02
9.669523e-01 1.963076e-01 -1.626852e-01 -1.934561e+01 -1.974661e-01 9.802667e-01 9.180651e-03 -1.440590e+00 1.612772e-01 2.324757e-02 9.866353e-01 1.792256e+02
9.671154e-01 1.942177e-01 -1.642172e-01 -1.962872e+01 -1.951616e-01 9.807146e-01 1.052525e-02 -1.452188e+00 1.630944e-01 2.186976e-02 9.863680e-01 1.809897e+02
9.665880e-01 1.972619e-01 -1.636929e-01 -1.992417e+01 -1.981342e-01 9.801115e-01 1.114586e-02 -1.448666e+00 1.626359e-01 2.165971e-02 9.864484e-01 1.825578e+02
9.657936e-01 2.006777e-01 -1.642289e-01 -2.021460e+01 -2.019036e-01 9.793606e-01 9.369040e-03 -1.443816e+00 1.627195e-01 2.410985e-02 9.863778e-01 1.841557e+02
9.655399e-01 2.016728e-01 -1.645017e-01 -2.049831e+01 -2.031568e-01 9.791141e-01 7.931086e-03 -1.439230e+00 1.626654e-01 2.576186e-02 9.863449e-01 1.857434e+02
9.655027e-01 2.018848e-01 -1.644600e-01 -2.080132e+01 -2.037661e-01 9.790040e-01 5.529376e-03 -1.441433e+00 1.621233e-01 2.817274e-02 9.863683e-01 1.874166e+02
9.655940e-01 2.013987e-01 -1.645196e-01 -2.109130e+01 -2.030691e-01 9.791409e-01 6.780044e-03 -1.454631e+00 1.624534e-01 2.686209e-02 9.863505e-01 1.890892e+02
9.657048e-01 2.011796e-01 -1.641370e-01 -2.138411e+01 -2.026120e-01 9.792252e-01 8.143898e-03 -1.460501e+00 1.623654e-01 2.539152e-02 9.864039e-01 1.907465e+02
9.657283e-01 2.011173e-01 -1.640749e-01 -2.165866e+01 -2.023500e-01 9.792687e-01 9.341628e-03 -1.464608e+00 1.625522e-01 2.417909e-02 9.864036e-01 1.923619e+02
9.654449e-01 2.027580e-01 -1.637233e-01 -2.194363e+01 -2.040481e-01 9.789188e-01 9.078688e-03 -1.464493e+00 1.621125e-01 2.464245e-02 9.864645e-01 1.939873e+02
9.654887e-01 2.026448e-01 -1.636053e-01 -2.223697e+01 -2.039488e-01 9.789405e-01 8.966262e-03 -1.469763e+00 1.619768e-01 2.471029e-02 9.864851e-01 1.956969e+02
9.658168e-01 2.007056e-01 -1.640584e-01 -2.254906e+01 -2.022298e-01 9.793091e-01 7.532923e-03 -1.472395e+00 1.621757e-01 2.590206e-02 9.864219e-01 1.974540e+02
9.660613e-01 1.987282e-01 -1.650234e-01 -2.281423e+01 -2.001623e-01 9.797296e-01 8.064267e-03 -1.479578e+00 1.632809e-01 2.524088e-02 9.862567e-01 1.990066e+02
9.659648e-01 1.989453e-01 -1.653265e-01 -2.309702e+01 -2.001140e-01 9.797243e-01 9.728872e-03 -1.485346e+00 1.639100e-01 2.368641e-02 9.861909e-01 2.006341e+02
9.663486e-01 1.942980e-01 -1.685784e-01 -2.336363e+01 -1.952553e-01 9.806903e-01 1.104246e-02 -1.491275e+00 1.674687e-01 2.224496e-02 9.856264e-01 2.023607e+02
9.663627e-01 1.942232e-01 -1.685838e-01 -2.367278e+01 -1.952922e-01 9.806902e-01 1.037877e-02 -1.485536e+00 1.673442e-01 2.289344e-02 9.856327e-01 2.040398e+02
9.663347e-01 1.929365e-01 -1.702140e-01 -2.399329e+01 -1.941336e-01 9.809267e-01 9.744031e-03 -1.490863e+00 1.688474e-01 2.362825e-02 9.853589e-01 2.058720e+02
9.659695e-01 1.933828e-01 -1.717733e-01 -2.428027e+01 -1.948190e-01 9.808013e-01 8.621297e-03 -1.487509e+00 1.701427e-01 2.513680e-02 9.850988e-01 2.074721e+02
9.659626e-01 1.932512e-01 -1.719601e-01 -2.460709e+01 -1.946418e-01 9.808340e-01 8.901419e-03 -1.488319e+00 1.703845e-01 2.487219e-02 9.850637e-01 2.092096e+02
9.656561e-01 1.952766e-01 -1.713926e-01 -2.492472e+01 -1.966551e-01 9.804308e-01 9.066844e-03 -1.495978e+00 1.698091e-01 2.494978e-02 9.851611e-01 2.108596e+02
9.655463e-01 1.952243e-01 -1.720689e-01 -2.524603e+01 -1.967769e-01 9.804144e-01 8.156779e-03 -1.499280e+00 1.702912e-01 2.598344e-02 9.850511e-01 2.125935e+02
9.655483e-01 1.939086e-01 -1.735397e-01 -2.554925e+01 -1.954073e-01 9.806847e-01 8.574298e-03 -1.508026e+00 1.718503e-01 2.563202e-02 9.847896e-01 2.142769e+02
9.654478e-01 1.938389e-01 -1.741752e-01 -2.584107e+01 -1.950332e-01 9.807415e-01 1.040041e-02 -1.508086e+00 1.728368e-01 2.392888e-02 9.846598e-01 2.158843e+02
9.652308e-01 1.941828e-01 -1.749932e-01 -2.616369e+01 -1.952032e-01 9.806950e-01 1.153188e-02 -1.509553e+00 1.738543e-01 2.302830e-02 9.845021e-01 2.176572e+02
9.651271e-01 1.937390e-01 -1.760539e-01 -2.647583e+01 -1.948018e-01 9.807764e-01 1.139544e-02 -1.500906e+00 1.748772e-01 2.329755e-02 9.843146e-01 2.193468e+02
9.650405e-01 1.932016e-01 -1.771155e-01 -2.681466e+01 -1.945219e-01 9.808467e-01 1.004795e-02 -1.506435e+00 1.756645e-01 2.475617e-02 9.841388e-01 2.211822e+02
9.653148e-01 1.923408e-01 -1.765567e-01 -2.716579e+01 -1.937561e-01 9.810051e-01 9.354976e-03 -1.503663e+00 1.750023e-01 2.517844e-02 9.842460e-01 2.229294e+02
9.649578e-01 1.953225e-01 -1.752302e-01 -2.750827e+01 -1.966668e-01 9.804211e-01 9.833928e-03 -1.505060e+00 1.737201e-01 2.497262e-02 9.844784e-01 2.246550e+02
9.649134e-01 1.954474e-01 -1.753353e-01 -2.782218e+01 -1.964267e-01 9.804460e-01 1.192454e-02 -1.504172e+00 1.742374e-01 2.293439e-02 9.844366e-01 2.263660e+02
9.653116e-01 1.936743e-01 -1.751108e-01 -2.814094e+01 -1.945195e-01 9.808191e-01 1.249231e-02 -1.494845e+00 1.741715e-01 2.200349e-02 9.844695e-01 2.281213e+02
9.659217e-01 1.904000e-01 -1.753369e-01 -2.845591e+01 -1.909813e-01 9.814979e-01 1.371209e-02 -1.497097e+00 1.747036e-01 2.024125e-02 9.844130e-01 2.298592e+02
9.666516e-01 1.871686e-01 -1.747931e-01 -2.877370e+01 -1.875948e-01 9.821434e-01 1.423215e-02 -1.496884e+00 1.743357e-01 1.903273e-02 9.845023e-01 2.315670e+02
9.666824e-01 1.877548e-01 -1.739923e-01 -2.911802e+01 -1.881417e-01 9.820360e-01 1.441861e-02 -1.494287e+00 1.735739e-01 1.879701e-02 9.846414e-01 2.333708e+02
9.662094e-01 1.891062e-01 -1.751523e-01 -2.946016e+01 -1.897109e-01 9.817480e-01 1.344081e-02 -1.490021e+00 1.744972e-01 2.024166e-02 9.844496e-01 2.352829e+02
9.660074e-01 1.891452e-01 -1.762207e-01 -2.980272e+01 -1.900231e-01 9.817058e-01 1.203752e-02 -1.488824e+00 1.752737e-01 2.185766e-02 9.842771e-01 2.371090e+02
9.659559e-01 1.878866e-01 -1.778423e-01 -3.015496e+01 -1.887236e-01 9.819525e-01 1.235422e-02 -1.486843e+00 1.769539e-01 2.162941e-02 9.839814e-01 2.390314e+02
9.656470e-01 1.884441e-01 -1.789266e-01 -3.049732e+01 -1.892329e-01 9.818487e-01 1.280662e-02 -1.487528e+00 1.780922e-01 2.149213e-02 9.837791e-01 2.408475e+02
9.655543e-01 1.877890e-01 -1.801117e-01 -3.084489e+01 -1.885530e-01 9.819766e-01 1.302682e-02 -1.489275e+00 1.793118e-01 2.138251e-02 9.835599e-01 2.426913e+02
9.657984e-01 1.852248e-01 -1.814529e-01 -3.116905e+01 -1.857509e-01 9.824936e-01 1.424177e-02 -1.489809e+00 1.809143e-01 1.995037e-02 9.832965e-01 2.444403e+02
9.658743e-01 1.839553e-01 -1.823386e-01 -3.152300e+01 -1.841895e-01 9.827638e-01 1.579883e-02 -1.482990e+00 1.821021e-01 1.832517e-02 9.831089e-01 2.462436e+02
9.662562e-01 1.811668e-01 -1.831054e-01 -3.186464e+01 -1.814251e-01 9.832829e-01 1.548347e-02 -1.474914e+00 1.828495e-01 1.825892e-02 9.829713e-01 2.480501e+02
9.666383e-01 1.783490e-01 -1.838531e-01 -3.220477e+01 -1.789178e-01 9.837696e-01 1.362775e-02 -1.470025e+00 1.832996e-01 1.972149e-02 9.828593e-01 2.498519e+02
9.670247e-01 1.760912e-01 -1.839976e-01 -3.254455e+01 -1.765054e-01 9.841964e-01 1.425660e-02 -1.468036e+00 1.836003e-01 1.869009e-02 9.828233e-01 2.516315e+02
9.664696e-01 1.793727e-01 -1.837441e-01 -3.290748e+01 -1.796027e-01 9.836166e-01 1.552983e-02 -1.459626e+00 1.835194e-01 1.799182e-02 9.828514e-01 2.534966e+02
9.666154e-01 1.794447e-01 -1.829051e-01 -3.328122e+01 -1.797322e-01 9.835990e-01 1.514294e-02 -1.442493e+00 1.826226e-01 1.823654e-02 9.830139e-01 2.553909e+02
9.670658e-01 1.768769e-01 -1.830253e-01 -3.364738e+01 -1.772053e-01 9.840642e-01 1.469215e-02 -1.434489e+00 1.827074e-01 1.822477e-02 9.829984e-01 2.573235e+02
9.673302e-01 1.755782e-01 -1.828786e-01 -3.403897e+01 -1.762935e-01 9.842587e-01 1.246907e-02 -1.423566e+00 1.821892e-01 2.017861e-02 9.830564e-01 2.593171e+02
9.678291e-01 1.730507e-01 -1.826482e-01 -3.438891e+01 -1.736850e-01 9.847201e-01 1.264205e-02 -1.417428e+00 1.820451e-01 1.948792e-02 9.830970e-01 2.611727e+02
9.681525e-01 1.688480e-01 -1.848545e-01 -3.470050e+01 -1.694712e-01 9.854553e-01 1.254062e-02 -1.412323e+00 1.842833e-01 1.918629e-02 9.826859e-01 2.629867e+02
9.680361e-01 1.698245e-01 -1.845690e-01 -3.504931e+01 -1.707319e-01 9.852552e-01 1.108419e-02 -1.409432e+00 1.837299e-01 2.078191e-02 9.827571e-01 2.647446e+02
9.681971e-01 1.704546e-01 -1.831384e-01 -3.539350e+01 -1.705714e-01 9.852276e-01 1.523385e-02 -1.415173e+00 1.830296e-01 1.648879e-02 9.829691e-01 2.665361e+02
9.684463e-01 1.695555e-01 -1.826547e-01 -3.573258e+01 -1.693542e-01 9.854118e-01 1.681583e-02 -1.409702e+00 1.828413e-01 1.464811e-02 9.830333e-01 2.683024e+02
9.681281e-01 1.709517e-01 -1.830396e-01 -3.608642e+01 -1.711070e-01 9.851373e-01 1.506452e-02 -1.394146e+00 1.828945e-01 1.673497e-02 9.829901e-01 2.701023e+02
9.683505e-01 1.698694e-01 -1.828708e-01 -3.640076e+01 -1.699016e-01 9.853374e-01 1.560849e-02 -1.391494e+00 1.828408e-01 1.595555e-02 9.830131e-01 2.717521e+02
9.686969e-01 1.687440e-01 -1.820765e-01 -3.673045e+01 -1.685462e-01 9.855527e-01 1.667397e-02 -1.387187e+00 1.822596e-01 1.453628e-02 9.831430e-01 2.734794e+02
9.683400e-01 1.712528e-01 -1.816316e-01 -3.708299e+01 -1.714941e-01 9.850785e-01 1.449594e-02 -1.381029e+00 1.814039e-01 1.711174e-02 9.832598e-01 2.752419e+02
9.678620e-01 1.738864e-01 -1.816773e-01 -3.741366e+01 -1.748152e-01 9.845397e-01 1.101416e-02 -1.378649e+00 1.807837e-01 2.109976e-02 9.832965e-01 2.769221e+02
9.674577e-01 1.764332e-01 -1.813751e-01 -3.770945e+01 -1.775666e-01 9.840569e-01 1.010154e-02 -1.376770e+00 1.802657e-01 2.243335e-02 9.833621e-01 2.784177e+02
9.671568e-01 1.789343e-01 -1.805277e-01 -3.800363e+01 -1.798919e-01 9.836227e-01 1.119039e-02 -1.378838e+00 1.795735e-01 2.165261e-02 9.835062e-01 2.799203e+02
9.671090e-01 1.797132e-01 -1.800094e-01 -3.830953e+01 -1.804770e-01 9.835028e-01 1.226333e-02 -1.376145e+00 1.792436e-01 2.062758e-02 9.835884e-01 2.814836e+02
9.671204e-01 1.801228e-01 -1.795379e-01 -3.862210e+01 -1.807995e-01 9.834376e-01 1.272495e-02 -1.376514e+00 1.788563e-01 2.015380e-02 9.836688e-01 2.831233e+02
9.670906e-01 1.814353e-01 -1.783732e-01 -3.894178e+01 -1.822365e-01 9.831812e-01 1.202293e-02 -1.373160e+00 1.775545e-01 2.087884e-02 9.838895e-01 2.847488e+02
9.671468e-01 1.811580e-01 -1.783504e-01 -3.922870e+01 -1.821779e-01 9.832065e-01 1.078191e-02 -1.370320e+00 1.773085e-01 2.206381e-02 9.839080e-01 2.862521e+02
9.669743e-01 1.823911e-01 -1.780289e-01 -3.950064e+01 -1.836138e-01 9.829503e-01 9.726081e-03 -1.368034e+00 1.767675e-01 2.328370e-02 9.839772e-01 2.876708e+02
9.666269e-01 1.848690e-01 -1.773582e-01 -3.979503e+01 -1.862337e-01 9.824636e-01 9.070008e-03 -1.368949e+00 1.759248e-01 2.426276e-02 9.841046e-01 2.892186e+02
9.668082e-01 1.845310e-01 -1.767209e-01 -4.008418e+01 -1.859109e-01 9.825266e-01 8.864047e-03 -1.372826e+00 1.752687e-01 2.428450e-02 9.842211e-01 2.906937e+02
9.672313e-01 1.817265e-01 -1.773106e-01 -4.035744e+01 -1.830031e-01 9.830687e-01 9.267999e-03 -1.377567e+00 1.759927e-01 2.348408e-02 9.841113e-01 2.921846e+02
9.666725e-01 1.852524e-01 -1.767081e-01 -4.061614e+01 -1.864028e-01 9.824203e-01 1.021605e-02 -1.378109e+00 1.754942e-01 2.306331e-02 9.842103e-01 2.935763e+02
9.658596e-01 1.895404e-01 -1.766058e-01 -4.090413e+01 -1.907428e-01 9.815860e-01 1.030237e-02 -1.378619e+00 1.753065e-01 2.373563e-02 9.842277e-01 2.950534e+02
9.659376e-01 1.888959e-01 -1.768696e-01 -4.118400e+01 -1.903450e-01 9.816770e-01 8.895508e-03 -1.381357e+00 1.753091e-01 2.507374e-02 9.841941e-01 2.965546e+02
9.667342e-01 1.843852e-01 -1.772766e-01 -4.144445e+01 -1.857760e-01 9.825521e-01 8.867910e-03 -1.388853e+00 1.758186e-01 2.436083e-02 9.841211e-01 2.980099e+02
9.665356e-01 1.865981e-01 -1.760402e-01 -4.170872e+01 -1.877800e-01 9.821595e-01 1.007171e-02 -1.389584e+00 1.747789e-01 2.332216e-02 9.843315e-01 2.993923e+02
9.665631e-01 1.875683e-01 -1.748539e-01 -4.198695e+01 -1.887492e-01 9.819744e-01 1.000414e-02 -1.385936e+00 1.735785e-01 2.333391e-02 9.845436e-01 3.008503e+02
9.658652e-01 1.918929e-01 -1.740161e-01 -4.226678e+01 -1.932483e-01 9.811060e-01 9.283137e-03 -1.382333e+00 1.725096e-01 2.466206e-02 9.846991e-01 3.022950e+02
9.660132e-01 1.903908e-01 -1.748423e-01 -4.252524e+01 -1.918908e-01 9.813799e-01 8.445979e-03 -1.390473e+00 1.731947e-01 2.539169e-02 9.845602e-01 3.037771e+02
9.662595e-01 1.903070e-01 -1.735679e-01 -4.280606e+01 -1.917772e-01 9.814024e-01 8.418459e-03 -1.391688e+00 1.719421e-01 2.515196e-02 9.847859e-01 3.052537e+02
9.659278e-01 1.928801e-01 -1.725710e-01 -4.310082e+01 -1.942710e-01 9.809070e-01 8.956681e-03 -1.387751e+00 1.710037e-01 2.487404e-02 9.849564e-01 3.067327e+02
9.656666e-01 1.942933e-01 -1.724472e-01 -4.334273e+01 -1.957505e-01 9.806153e-01 8.682426e-03 -1.393164e+00 1.707913e-01 2.537230e-02 9.849805e-01 3.080933e+02
9.664546e-01 1.896625e-01 -1.731865e-01 -4.359153e+01 -1.912970e-01 9.815046e-01 7.360379e-03 -1.403569e+00 1.713793e-01 2.601660e-02 9.848615e-01 3.095295e+02
9.665508e-01 1.895639e-01 -1.727575e-01 -4.385729e+01 -1.912079e-01 9.815229e-01 7.230838e-03 -1.408007e+00 1.709361e-01 2.604363e-02 9.849378e-01 3.109630e+02
9.667320e-01 1.891375e-01 -1.722099e-01 -4.411153e+01 -1.906589e-01 9.816252e-01 7.816559e-03 -1.410063e+00 1.705239e-01 2.527683e-02 9.850293e-01 3.123474e+02
9.669973e-01 1.871070e-01 -1.729367e-01 -4.435528e+01 -1.884477e-01 9.820440e-01 8.782938e-03 -1.412594e+00 1.714748e-01 2.409644e-02 9.848938e-01 3.137579e+02
9.666392e-01 1.886175e-01 -1.732979e-01 -4.461288e+01 -1.901157e-01 9.817286e-01 8.066848e-03 -1.412457e+00 1.716530e-01 2.514891e-02 9.848364e-01 3.151640e+02
9.664032e-01 1.901432e-01 -1.729461e-01 -4.488526e+01 -1.919314e-01 9.813869e-01 6.480934e-03 -1.413751e+00 1.709594e-01 2.693061e-02 9.849100e-01 3.165831e+02
9.646311e-01 2.004432e-01 -1.711999e-01 -4.518692e+01 -2.026405e-01 9.792418e-01 4.726058e-03 -1.400320e+00 1.685934e-01 3.013313e-02 9.852250e-01 3.179746e+02
9.651458e-01 1.967285e-01 -1.726022e-01 -4.543066e+01 -1.986895e-01 9.800440e-01 6.015429e-03 -1.407575e+00 1.703411e-01 2.848846e-02 9.849733e-01 3.193434e+02
9.641260e-01 2.013861e-01 -1.729297e-01 -4.568603e+01 -2.031116e-01 9.791242e-01 7.845915e-03 -1.404986e+00 1.708997e-01 2.755958e-02 9.849029e-01 3.207365e+02
9.634747e-01 2.047197e-01 -1.726452e-01 -4.595636e+01 -2.061530e-01 9.784709e-01 9.783086e-03 -1.404532e+00 1.709311e-01 2.616558e-02 9.849355e-01 3.221515e+02
9.632637e-01 2.059887e-01 -1.723128e-01 -4.625697e+01 -2.075209e-01 9.781866e-01 9.273831e-03 -1.399309e+00 1.704644e-01 2.682537e-02 9.849986e-01 3.237153e+02
9.623782e-01 2.095981e-01 -1.729068e-01 -4.656060e+01 -2.115616e-01 9.773381e-01 7.206034e-03 -1.405827e+00 1.704988e-01 2.964551e-02 9.849118e-01 3.253078e+02
9.623460e-01 2.084044e-01 -1.745214e-01 -4.682873e+01 -2.106184e-01 9.775503e-01 5.947470e-03 -1.413679e+00 1.718429e-01 3.103390e-02 9.846354e-01 3.267761e+02
9.619974e-01 2.097360e-01 -1.748477e-01 -4.710189e+01 -2.118569e-01 9.772780e-01 6.660939e-03 -1.415159e+00 1.722718e-01 3.063487e-02 9.845730e-01 3.281897e+02
9.624444e-01 2.071686e-01 -1.754481e-01 -4.738539e+01 -2.092074e-01 9.778462e-01 7.002482e-03 -1.419987e+00 1.730119e-01 2.996553e-02 9.844638e-01 3.296894e+02
9.620238e-01 2.075947e-01 -1.772416e-01 -4.766596e+01 -2.096982e-01 9.777412e-01 6.991468e-03 -1.424925e+00 1.747478e-01 3.044129e-02 9.841425e-01 3.311932e+02
9.616228e-01 2.082893e-01 -1.785979e-01 -4.796314e+01 -2.107814e-01 9.775198e-01 5.121229e-03 -1.418445e+00 1.756497e-01 3.272043e-02 9.839088e-01 3.326776e+02
9.613067e-01 2.074008e-01 -1.813131e-01 -4.821823e+01 -2.097256e-01 9.777389e-01 6.470609e-03 -1.431048e+00 1.786188e-01 3.180575e-02 9.834041e-01 3.341434e+02
9.607313e-01 2.089987e-01 -1.825239e-01 -4.850505e+01 -2.112297e-01 9.774088e-01 7.353741e-03 -1.437606e+00 1.799373e-01 3.148949e-02 9.831739e-01 3.356037e+02
9.600619e-01 2.107616e-01 -1.840127e-01 -4.880432e+01 -2.131368e-01 9.769973e-01 7.005070e-03 -1.443410e+00 1.812563e-01 3.249457e-02 9.828989e-01 3.371566e+02
9.597134e-01 2.105255e-01 -1.860894e-01 -4.912236e+01 -2.130955e-01 9.770110e-01 6.314795e-03 -1.446037e+00 1.831408e-01 3.359442e-02 9.825125e-01 3.388001e+02
9.602318e-01 2.075342e-01 -1.867740e-01 -4.942354e+01 -2.098787e-01 9.776998e-01 7.356003e-03 -1.457843e+00 1.841356e-01 3.213643e-02 9.823754e-01 3.403148e+02
9.598179e-01 2.077551e-01 -1.886464e-01 -4.972849e+01 -2.100029e-01 9.776662e-01 8.219444e-03 -1.465443e+00 1.861408e-01 3.172712e-02 9.820107e-01 3.419076e+02
9.598738e-01 2.070360e-01 -1.891519e-01 -5.005105e+01 -2.089275e-01 9.778789e-01 1.010872e-02 -1.473804e+00 1.870605e-01 2.981593e-02 9.818958e-01 3.435428e+02
9.592596e-01 2.099401e-01 -1.890665e-01 -5.041943e+01 -2.117714e-01 9.772607e-01 1.069691e-02 -1.458700e+00 1.870130e-01 2.977778e-02 9.819060e-01 3.452665e+02
9.590573e-01 2.096034e-01 -1.904612e-01 -5.075696e+01 -2.117707e-01 9.772767e-01 9.137111e-03 -1.461809e+00 1.880485e-01 3.157109e-02 9.816522e-01 3.469311e+02
9.583023e-01 2.119869e-01 -1.916202e-01 -5.109538e+01 -2.147253e-01 9.766522e-01 6.605816e-03 -1.457021e+00 1.885467e-01 3.481534e-02 9.814469e-01 3.485643e+02
9.581543e-01 2.121104e-01 -1.922228e-01 -5.141474e+01 -2.147797e-01 9.766368e-01 7.089574e-03 -1.466014e+00 1.892356e-01 3.449264e-02 9.813257e-01 3.501304e+02
9.581018e-01 2.116614e-01 -1.929779e-01 -5.171664e+01 -2.143622e-01 9.767290e-01 7.021859e-03 -1.466275e+00 1.899734e-01 3.463950e-02 9.811780e-01 3.515789e+02
9.575915e-01 2.128032e-01 -1.942506e-01 -5.203653e+01 -2.154781e-01 9.764798e-01 7.506074e-03 -1.465993e+00 1.912791e-01 3.466900e-02 9.809232e-01 3.531114e+02
9.578078e-01 2.113371e-01 -1.947840e-01 -5.233881e+01 -2.133020e-01 9.769235e-01 1.107834e-02 -1.471601e+00 1.926304e-01 3.093690e-02 9.807836e-01 3.545905e+02
9.573576e-01 2.123364e-01 -1.959073e-01 -5.266912e+01 -2.141846e-01 9.767200e-01 1.195458e-02 -1.471602e+00 1.938850e-01 3.051552e-02 9.805495e-01 3.561883e+02
9.572217e-01 2.113060e-01 -1.976777e-01 -5.298402e+01 -2.132699e-01 9.769250e-01 1.155225e-02 -1.477423e+00 1.955573e-01 3.110062e-02 9.801990e-01 3.577380e+02
9.569832e-01 2.117717e-01 -1.983329e-01 -5.332565e+01 -2.136557e-01 9.768340e-01 1.210579e-02 -1.472634e+00 1.963020e-01 3.078992e-02 9.800599e-01 3.593288e+02
9.565661e-01 2.144324e-01 -1.974844e-01 -5.367054e+01 -2.159891e-01 9.762971e-01 1.388402e-02 -1.468511e+00 1.957806e-01 2.937350e-02 9.802077e-01 3.608816e+02
9.564583e-01 2.142323e-01 -1.982223e-01 -5.402079e+01 -2.160032e-01 9.763073e-01 1.290727e-02 -1.465595e+00 1.962911e-01 3.047139e-02 9.800721e-01 3.625332e+02
9.559399e-01 2.157642e-01 -1.990594e-01 -5.436017e+01 -2.182896e-01 9.758384e-01 9.440333e-03 -1.463413e+00 1.962867e-01 3.442821e-02 9.799420e-01 3.641065e+02
9.558173e-01 2.156675e-01 -1.997518e-01 -5.466369e+01 -2.184425e-01 9.758144e-01 8.311984e-03 -1.476978e+00 1.967133e-01 3.568954e-02 9.798113e-01 3.656559e+02
9.560292e-01 2.159276e-01 -1.984528e-01 -5.497014e+01 -2.182459e-01 9.758385e-01 1.038549e-02 -1.486824e+00 1.959004e-01 3.338267e-02 9.800554e-01 3.671080e+02
9.561220e-01 2.152029e-01 -1.987927e-01 -5.530037e+01 -2.172596e-01 9.760440e-01 1.167441e-02 -1.488333e+00 1.965428e-01 3.202746e-02 9.799720e-01 3.687246e+02
9.567232e-01 2.122340e-01 -1.990914e-01 -5.561478e+01 -2.141882e-01 9.767196e-01 1.192560e-02 -1.494587e+00 1.969875e-01 3.123352e-02 9.799084e-01 3.702959e+02
9.568988e-01 2.126168e-01 -1.978350e-01 -5.595134e+01 -2.146371e-01 9.766270e-01 1.143020e-02 -1.490224e+00 1.956413e-01 3.152519e-02 9.801687e-01 3.718472e+02
9.568005e-01 2.136294e-01 -1.972186e-01 -5.629181e+01 -2.159347e-01 9.763566e-01 9.999334e-03 -1.486512e+00 1.946919e-01 3.301898e-02 9.803085e-01 3.733977e+02
9.572394e-01 2.118580e-01 -1.969999e-01 -5.661717e+01 -2.140842e-01 9.767622e-01 1.017794e-02 -1.482571e+00 1.945783e-01 3.243183e-02 9.803507e-01 3.749048e+02
9.558575e-01 2.169932e-01 -1.981172e-01 -5.692648e+01 -2.192996e-01 9.756011e-01 1.049680e-02 -1.474176e+00 1.955611e-01 3.341359e-02 9.801221e-01 3.763669e+02
9.556559e-01 2.166984e-01 -1.994082e-01 -5.722667e+01 -2.188379e-01 9.756932e-01 1.152128e-02 -1.479225e+00 1.970579e-01 3.262770e-02 9.798488e-01 3.778239e+02
9.545802e-01 2.205896e-01 -2.002919e-01 -5.754443e+01 -2.225439e-01 9.748361e-01 1.299450e-02 -1.474498e+00 1.981183e-01 3.216945e-02 9.796501e-01 3.792827e+02
9.533551e-01 2.254029e-01 -2.007673e-01 -5.788851e+01 -2.273783e-01 9.737133e-01 1.347627e-02 -1.470251e+00 1.985273e-01 3.280244e-02 9.795463e-01 3.808195e+02
9.529968e-01 2.247973e-01 -2.031337e-01 -5.822005e+01 -2.271510e-01 9.737861e-01 1.196391e-02 -1.470829e+00 2.004982e-01 3.474045e-02 9.790779e-01 3.823831e+02
9.526207e-01 2.242850e-01 -2.054508e-01 -5.854567e+01 -2.270652e-01 9.738255e-01 1.025777e-02 -1.467485e+00 2.023739e-01 3.687896e-02 9.786137e-01 3.839026e+02
9.524533e-01 2.222837e-01 -2.083809e-01 -5.885043e+01 -2.247943e-01 9.743340e-01 1.186549e-02 -1.478105e+00 2.056701e-01 3.554150e-02 9.779758e-01 3.853953e+02
9.524300e-01 2.217987e-01 -2.090033e-01 -5.917649e+01 -2.239566e-01 9.745043e-01 1.359200e-02 -1.476072e+00 2.066893e-01 3.386224e-02 9.778205e-01 3.868572e+02
9.520031e-01 2.215200e-01 -2.112320e-01 -5.950577e+01 -2.234281e-01 9.746034e-01 1.510184e-02 -1.477275e+00 2.092128e-01 3.281817e-02 9.773193e-01 3.883635e+02
9.522126e-01 2.184429e-01 -2.134804e-01 -5.982361e+01 -2.205134e-01 9.752781e-01 1.436645e-02 -1.472582e+00 2.113410e-01 3.339537e-02 9.768417e-01 3.898616e+02
9.521961e-01 2.168757e-01 -2.151452e-01 -6.017000e+01 -2.189311e-01 9.756322e-01 1.452788e-02 -1.469855e+00 2.130534e-01 3.326859e-02 9.764740e-01 3.914117e+02
9.522280e-01 2.150116e-01 -2.168684e-01 -6.049644e+01 -2.167104e-01 9.761013e-01 1.620982e-02 -1.472573e+00 2.151708e-01 3.156219e-02 9.760663e-01 3.928797e+02
9.513947e-01 2.183040e-01 -2.172360e-01 -6.084688e+01 -2.199588e-01 9.753638e-01 1.683971e-02 -1.459798e+00 2.155603e-01 3.176176e-02 9.759738e-01 3.943341e+02
9.516620e-01 2.163499e-01 -2.180188e-01 -6.118152e+01 -2.181746e-01 9.757791e-01 1.596744e-02 -1.452588e+00 2.161927e-01 3.237056e-02 9.758139e-01 3.957436e+02
9.509488e-01 2.182251e-01 -2.192581e-01 -6.154251e+01 -2.202690e-01 9.753178e-01 1.538974e-02 -1.436340e+00 2.172047e-01 3.366089e-02 9.755455e-01 3.972709e+02
9.506782e-01 2.190881e-01 -2.195710e-01 -6.188795e+01 -2.210204e-01 9.751373e-01 1.603904e-02 -1.423639e+00 2.176259e-01 3.328171e-02 9.754647e-01 3.986814e+02
9.500899e-01 2.202951e-01 -2.209053e-01 -6.224288e+01 -2.223939e-01 9.748313e-01 1.564653e-02 -1.415558e+00 2.187923e-01 3.426237e-02 9.751697e-01 4.001833e+02
9.497858e-01 2.201419e-01 -2.223612e-01 -6.262715e+01 -2.222660e-01 9.748588e-01 1.575000e-02 -1.400982e+00 2.202381e-01 3.446422e-02 9.748371e-01 4.017781e+02
9.496248e-01 2.187613e-01 -2.244018e-01 -6.299314e+01 -2.210221e-01 9.751485e-01 1.531471e-02 -1.394380e+00 2.221754e-01 3.505453e-02 9.743764e-01 4.033686e+02
9.490736e-01 2.208251e-01 -2.247123e-01 -6.335479e+01 -2.232486e-01 9.746477e-01 1.489592e-02 -1.390686e+00 2.223047e-01 3.602939e-02 9.743113e-01 4.048672e+02
9.491210e-01 2.201135e-01 -2.252097e-01 -6.370122e+01 -2.222625e-01 9.748540e-01 1.609395e-02 -1.386584e+00 2.230891e-01 3.478056e-02 9.741774e-01 4.063378e+02
9.498648e-01 2.162057e-01 -2.258585e-01 -6.405032e+01 -2.177639e-01 9.758299e-01 1.830197e-02 -1.383351e+00 2.243565e-01 3.179944e-02 9.739882e-01 4.078469e+02
9.506974e-01 2.119153e-01 -2.264210e-01 -6.438619e+01 -2.134460e-01 9.767892e-01 1.799282e-02 -1.376781e+00 2.249785e-01 3.122294e-02 9.738633e-01 4.092873e+02
9.506115e-01 2.121820e-01 -2.265317e-01 -6.476905e+01 -2.140636e-01 9.766800e-01 1.652134e-02 -1.356192e+00 2.247545e-01 3.278681e-02 9.738637e-01 4.108502e+02
9.506573e-01 2.115526e-01 -2.269277e-01 -6.512004e+01 -2.135160e-01 9.768060e-01 1.615204e-02 -1.349169e+00 2.250813e-01 3.309764e-02 9.737777e-01 4.123164e+02
9.503850e-01 2.124173e-01 -2.272603e-01 -6.545128e+01 -2.141583e-01 9.766464e-01 1.726540e-02 -1.337645e+00 2.256204e-01 3.226090e-02 9.736810e-01 4.136875e+02
9.511395e-01 2.096880e-01 -2.266376e-01 -6.581013e+01 -2.108774e-01 9.773233e-01 1.923407e-02 -1.331440e+00 2.255314e-01 2.949847e-02 9.737892e-01 4.152003e+02
9.516594e-01 2.074264e-01 -2.265362e-01 -6.618301e+01 -2.082581e-01 9.778591e-01 2.049544e-02 -1.322345e+00 2.257718e-01 2.767332e-02 9.737871e-01 4.167745e+02
9.515255e-01 2.080272e-01 -2.265477e-01 -6.659378e+01 -2.091066e-01 9.776984e-01 1.949930e-02 -1.306883e+00 2.255517e-01 2.881855e-02 9.738049e-01 4.184501e+02
9.509926e-01 2.103109e-01 -2.266771e-01 -6.696459e+01 -2.118121e-01 9.771452e-01 1.796603e-02 -1.292332e+00 2.252749e-01 3.092740e-02 9.738043e-01 4.199550e+02
9.505061e-01 2.120008e-01 -2.271428e-01 -6.731745e+01 -2.135822e-01 9.767613e-01 1.788712e-02 -1.278606e+00 2.256563e-01 3.151184e-02 9.736972e-01 4.214069e+02
9.505808e-01 2.112308e-01 -2.275473e-01 -6.767482e+01 -2.126407e-01 9.769536e-01 1.859199e-02 -1.265050e+00 2.262303e-01 3.071263e-02 9.735895e-01 4.228609e+02
9.506952e-01 2.096592e-01 -2.285204e-01 -6.804759e+01 -2.107926e-01 9.773318e-01 1.972310e-02 -1.259734e+00 2.274754e-01 2.941975e-02 9.733393e-01 4.244391e+02
9.514976e-01 2.035618e-01 -2.306836e-01 -6.839282e+01 -2.045385e-01 9.786555e-01 1.993621e-02 -1.266786e+00 2.298180e-01 2.821443e-02 9.728246e-01 4.259907e+02
9.510912e-01 2.050300e-01 -2.310590e-01 -6.876082e+01 -2.060632e-01 9.783359e-01 1.992237e-02 -1.260450e+00 2.301380e-01 2.866478e-02 9.727357e-01 4.274626e+02
9.506602e-01 2.054856e-01 -2.324239e-01 -6.915873e+01 -2.065694e-01 9.782287e-01 1.994065e-02 -1.250667e+00 2.314613e-01 2.905487e-02 9.724102e-01 4.290904e+02
9.500813e-01 2.084699e-01 -2.321334e-01 -6.954974e+01 -2.098129e-01 9.775535e-01 1.917479e-02 -1.235840e+00 2.309202e-01 3.048698e-02 9.724949e-01 4.305848e+02
9.496155e-01 2.103818e-01 -2.323143e-01 -6.992574e+01 -2.116329e-01 9.771483e-01 1.981973e-02 -1.223963e+00 2.311752e-01 3.034421e-02 9.724388e-01 4.320461e+02
9.491394e-01 2.118276e-01 -2.329452e-01 -7.029985e+01 -2.129447e-01 9.768462e-01 2.064370e-02 -1.215585e+00 2.319245e-01 3.001070e-02 9.722707e-01 4.335259e+02
9.487161e-01 2.128914e-01 -2.336987e-01 -7.066563e+01 -2.137671e-01 9.766395e-01 2.188245e-02 -1.204222e+00 2.328980e-01 2.919685e-02 9.720628e-01 4.350273e+02
9.480398e-01 2.157950e-01 -2.337800e-01 -7.106104e+01 -2.165703e-01 9.760038e-01 2.266871e-02 -1.191146e+00 2.330620e-01 2.913898e-02 9.720252e-01 4.365921e+02
9.482228e-01 2.149048e-01 -2.338577e-01 -7.146608e+01 -2.160204e-01 9.761598e-01 2.114942e-02 -1.169464e+00 2.328276e-01 3.046368e-02 9.720408e-01 4.382130e+02
9.470878e-01 2.209756e-01 -2.327972e-01 -7.188677e+01 -2.225061e-01 9.747260e-01 2.000810e-02 -1.153987e+00 2.313348e-01 3.284936e-02 9.723195e-01 4.397983e+02
9.470333e-01 2.220888e-01 -2.319580e-01 -7.228840e+01 -2.231734e-01 9.745327e-01 2.190115e-02 -1.143459e+00 2.309146e-01 3.102573e-02 9.724792e-01 4.413917e+02
9.476472e-01 2.204977e-01 -2.309664e-01 -7.268764e+01 -2.216876e-01 9.748889e-01 2.112461e-02 -1.129357e+00 2.298245e-01 3.118372e-02 9.727324e-01 4.429812e+02
9.482006e-01 2.171906e-01 -2.318272e-01 -7.305719e+01 -2.184608e-01 9.756303e-01 2.050248e-02 -1.129886e+00 2.306306e-01 3.120471e-02 9.725409e-01 4.445685e+02
9.478863e-01 2.185622e-01 -2.318234e-01 -7.344838e+01 -2.198525e-01 9.753159e-01 2.058463e-02 -1.115371e+00 2.306000e-01 3.145506e-02 9.725401e-01 4.461475e+02
9.481427e-01 2.182571e-01 -2.310611e-01 -7.384035e+01 -2.191779e-01 9.754368e-01 2.200297e-02 -1.106153e+00 2.301878e-01 2.978152e-02 9.726904e-01 4.477458e+02
9.483556e-01 2.172090e-01 -2.311749e-01 -7.423442e+01 -2.191058e-01 9.755395e-01 1.776030e-02 -1.092322e+00 2.293779e-01 3.380868e-02 9.727501e-01 4.493332e+02
9.498489e-01 2.093046e-01 -2.323332e-01 -7.458424e+01 -2.110043e-01 9.773230e-01 1.780210e-02 -1.097918e+00 2.307907e-01 3.211400e-02 9.724733e-01 4.508474e+02
9.497013e-01 2.107422e-01 -2.316357e-01 -7.497836e+01 -2.123824e-01 9.770185e-01 1.812829e-02 -1.082769e+00 2.301328e-01 3.197888e-02 9.726337e-01 4.523778e+02
9.495509e-01 2.127102e-01 -2.304504e-01 -7.536079e+01 -2.138246e-01 9.766584e-01 2.042875e-02 -1.065598e+00 2.294168e-01 2.987785e-02 9.728696e-01 4.538737e+02
9.482268e-01 2.188133e-01 -2.301882e-01 -7.579078e+01 -2.201731e-01 9.752539e-01 2.009018e-02 -1.038478e+00 2.288879e-01 3.163119e-02 9.729387e-01 4.555440e+02
9.478469e-01 2.217999e-01 -2.288908e-01 -7.618242e+01 -2.230779e-01 9.745826e-01 2.061545e-02 -1.020623e+00 2.276455e-01 3.152018e-02 9.732338e-01 4.570948e+02
9.470077e-01 2.255379e-01 -2.287117e-01 -7.656363e+01 -2.268093e-01 9.737113e-01 2.106877e-02 -1.010185e+00 2.274510e-01 3.192164e-02 9.732662e-01 4.586340e+02
9.467574e-01 2.267057e-01 -2.285934e-01 -7.698216e+01 -2.280909e-01 9.734197e-01 2.070490e-02 -9.971461e-01 2.272113e-01 3.253758e-02 9.733018e-01 4.603053e+02
9.464691e-01 2.273359e-01 -2.291609e-01 -7.738521e+01 -2.291793e-01 9.732006e-01 1.890542e-02 -9.781664e-01 2.273174e-01 3.462553e-02 9.732049e-01 4.619332e+02
9.459206e-01 2.302667e-01 -2.284982e-01 -7.777462e+01 -2.321724e-01 9.724913e-01 1.888689e-02 -9.628050e-01 2.265615e-01 3.518549e-02 9.733611e-01 4.634723e+02
9.464968e-01 2.286268e-01 -2.277579e-01 -7.818119e+01 -2.303885e-01 9.729094e-01 1.919210e-02 -9.473774e-01 2.259757e-01 3.430755e-02 9.735286e-01 4.650882e+02
9.448621e-01 2.362094e-01 -2.268054e-01 -7.859948e+01 -2.382291e-01 9.710263e-01 1.883530e-02 -9.176388e-01 2.246831e-01 3.623487e-02 9.737580e-01 4.666421e+02
9.439984e-01 2.408634e-01 -2.255034e-01 -7.897588e+01 -2.429289e-01 9.698585e-01 1.897492e-02 -9.098224e-01 2.232767e-01 3.686900e-02 9.740576e-01 4.681308e+02
9.435101e-01 2.438015e-01 -2.243868e-01 -7.936771e+01 -2.459964e-01 9.690929e-01 1.856702e-02 -8.952193e-01 2.219784e-01 3.768018e-02 9.743233e-01 4.696610e+02
9.420185e-01 2.499239e-01 -2.239178e-01 -7.976735e+01 -2.522431e-01 9.674839e-01 1.866630e-02 -8.773622e-01 2.213020e-01 3.889771e-02 9.744293e-01 4.712420e+02
9.404197e-01 2.557182e-01 -2.240959e-01 -8.017125e+01 -2.584268e-01 9.658692e-01 1.767383e-02 -8.523912e-01 2.209668e-01 4.129157e-02 9.744068e-01 4.728463e+02
9.403675e-01 2.558564e-01 -2.241574e-01 -8.057722e+01 -2.590984e-01 9.657290e-01 1.534722e-02 -8.380365e-01 2.204020e-01 4.364681e-02 9.744321e-01 4.744338e+02
9.391254e-01 2.597399e-01 -2.248969e-01 -8.096740e+01 -2.632540e-01 9.646136e-01 1.476252e-02 -8.234991e-01 2.207730e-01 4.534117e-02 9.742707e-01 4.759415e+02
9.383286e-01 2.612586e-01 -2.264583e-01 -8.133592e+01 -2.644988e-01 9.642453e-01 1.647388e-02 -8.123007e-01 2.226653e-01 4.444004e-02 9.738815e-01 4.774518e+02
9.371090e-01 2.641496e-01 -2.281485e-01 -8.173702e+01 -2.672236e-01 9.634684e-01 1.789267e-02 -8.065070e-01 2.245402e-01 4.419927e-02 9.734619e-01 4.790531e+02
9.366634e-01 2.616827e-01 -2.327743e-01 -8.213308e+01 -2.645737e-01 9.641725e-01 1.929225e-02 -8.051927e-01 2.294830e-01 4.351561e-02 9.723394e-01 4.807247e+02
9.347992e-01 2.661099e-01 -2.352361e-01 -8.255423e+01 -2.689743e-01 9.629304e-01 2.044058e-02 -7.834661e-01 2.319555e-01 4.416465e-02 9.717233e-01 4.823439e+02
9.331443e-01 2.689669e-01 -2.385340e-01 -8.299229e+01 -2.719440e-01 9.620842e-01 2.098592e-02 -7.653929e-01 2.351343e-01 4.528498e-02 9.709074e-01 4.839822e+02
9.312612e-01 2.723793e-01 -2.419959e-01 -8.341496e+01 -2.752744e-01 9.611036e-01 2.244811e-02 -7.478458e-01 2.386975e-01 4.571023e-02 9.700176e-01 4.855686e+02
9.312915e-01 2.675146e-01 -2.472491e-01 -8.382348e+01 -2.699198e-01 9.625640e-01 2.477635e-02 -7.436841e-01 2.446211e-01 4.366342e-02 9.686351e-01 4.872260e+02
9.292955e-01 2.709387e-01 -2.510022e-01 -8.426790e+01 -2.730096e-01 9.616258e-01 2.723109e-02 -7.228638e-01 2.487482e-01 4.322028e-02 9.676034e-01 4.888928e+02
9.279928e-01 2.717609e-01 -2.549027e-01 -8.474209e+01 -2.742070e-01 9.613025e-01 2.660727e-02 -6.962492e-01 2.522694e-01 4.520474e-02 9.666006e-01 4.906222e+02
9.276412e-01 2.685533e-01 -2.595398e-01 -8.518218e+01 -2.718344e-01 9.620478e-01 2.387425e-02 -6.759449e-01 2.561012e-01 4.840512e-02 9.654373e-01 4.922529e+02
9.267351e-01 2.689264e-01 -2.623751e-01 -8.566279e+01 -2.730150e-01 9.617702e-01 2.146852e-02 -6.564563e-01 2.581180e-01 5.173671e-02 9.647271e-01 4.939306e+02
9.257686e-01 2.694308e-01 -2.652538e-01 -8.612295e+01 -2.735522e-01 9.616051e-01 2.201688e-02 -6.374560e-01 2.610014e-01 5.217821e-02 9.639272e-01 4.955458e+02
9.252404e-01 2.676878e-01 -2.688372e-01 -8.656604e+01 -2.716768e-01 9.621140e-01 2.298699e-02 -6.208921e-01 2.648053e-01 5.176834e-02 9.629113e-01 4.971284e+02
9.257777e-01 2.643769e-01 -2.702600e-01 -8.699978e+01 -2.681670e-01 9.630855e-01 2.351261e-02 -6.034198e-01 2.664997e-01 5.070738e-02 9.625002e-01 4.986368e+02
9.263881e-01 2.610402e-01 -2.714095e-01 -8.743466e+01 -2.645772e-01 9.640618e-01 2.416161e-02 -5.874452e-01 2.679626e-01 4.942572e-02 9.621607e-01 5.001573e+02
9.269382e-01 2.575598e-01 -2.728525e-01 -8.785353e+01 -2.599285e-01 9.652192e-01 2.808846e-02 -5.755168e-01 2.705969e-01 4.488588e-02 9.616458e-01 5.016952e+02
9.274207e-01 2.545509e-01 -2.740341e-01 -8.830118e+01 -2.567853e-01 9.660534e-01 2.832404e-02 -5.567405e-01 2.719414e-01 4.409960e-02 9.613028e-01 5.032876e+02
9.273912e-01 2.553056e-01 -2.734311e-01 -8.876918e+01 -2.579675e-01 9.657814e-01 2.681669e-02 -5.353881e-01 2.709211e-01 4.566678e-02 9.615177e-01 5.048888e+02
9.269318e-01 2.592277e-01 -2.712904e-01 -8.925371e+01 -2.627308e-01 9.645707e-01 2.399641e-02 -5.076893e-01 2.678993e-01 4.903330e-02 9.621984e-01 5.065203e+02
9.272286e-01 2.618744e-01 -2.677104e-01 -8.968193e+01 -2.657945e-01 9.637747e-01 2.217204e-02 -4.838737e-01 2.638188e-01 5.059741e-02 9.632443e-01 5.079746e+02
9.279826e-01 2.641655e-01 -2.628019e-01 -9.011553e+01 -2.684586e-01 9.630811e-01 2.012097e-02 -4.673463e-01 2.584148e-01 5.187952e-02 9.646400e-01 5.094792e+02
9.289163e-01 2.671613e-01 -2.563968e-01 -9.055266e+01 -2.720724e-01 9.621299e-01 1.681527e-02 -4.551953e-01 2.511794e-01 5.413852e-02 9.664253e-01 5.109587e+02
9.300119e-01 2.697402e-01 -2.496359e-01 -9.096716e+01 -2.753115e-01 9.612669e-01 1.301619e-02 -4.421696e-01 2.434777e-01 5.662242e-02 9.682523e-01 5.124448e+02
9.319628e-01 2.690960e-01 -2.429665e-01 -9.137103e+01 -2.750952e-01 9.613695e-01 9.557583e-03 -4.367256e-01 2.361525e-01 5.793162e-02 9.699876e-01 5.139154e+02
9.336262e-01 2.689486e-01 -2.366617e-01 -9.173147e+01 -2.749352e-01 9.614297e-01 7.979779e-03 -4.397742e-01 2.296797e-01 5.761648e-02 9.715594e-01 5.152907e+02
9.351394e-01 2.705005e-01 -2.287877e-01 -9.211033e+01 -2.764822e-01 9.609995e-01 6.125783e-03 -4.413890e-01 2.215219e-01 5.752726e-02 9.734571e-01 5.167256e+02
9.371628e-01 2.671371e-01 -2.244187e-01 -9.243346e+01 -2.730894e-01 9.619773e-01 4.681106e-03 -4.558398e-01 2.171362e-01 5.689942e-02 9.744816e-01 5.181215e+02
9.393667e-01 2.633644e-01 -2.196117e-01 -9.276606e+01 -2.693522e-01 9.630377e-01 2.774760e-03 -4.711329e-01 2.122251e-01 5.654639e-02 9.755834e-01 5.195568e+02
9.418887e-01 2.575542e-01 -2.156653e-01 -9.308380e+01 -2.636940e-01 9.646063e-01 3.152532e-04 -4.858880e-01 2.081133e-01 5.657272e-02 9.764673e-01 5.209911e+02
9.411894e-01 2.657597e-01 -2.086486e-01 -9.345603e+01 -2.723851e-01 9.621832e-01 -3.146315e-03 -4.918923e-01 1.999220e-01 5.979405e-02 9.779856e-01 5.224101e+02
9.432789e-01 2.616295e-01 -2.043893e-01 -9.376557e+01 -2.680402e-01 9.634001e-01 -3.830064e-03 -5.124892e-01 1.959066e-01 5.839736e-02 9.788822e-01 5.238504e+02
9.453075e-01 2.574411e-01 -2.002943e-01 -9.407229e+01 -2.637186e-01 9.645875e-01 -4.846669e-03 -5.386844e-01 1.919537e-01 5.740294e-02 9.797238e-01 5.253179e+02
9.456089e-01 2.613181e-01 -1.937439e-01 -9.442066e+01 -2.676592e-01 9.634894e-01 -6.832164e-03 -5.525912e-01 1.848849e-01 5.831790e-02 9.810283e-01 5.267996e+02
9.463836e-01 2.620112e-01 -1.889662e-01 -9.475065e+01 -2.685281e-01 9.632271e-01 -9.283214e-03 -5.813880e-01 1.795850e-01 5.952820e-02 9.819397e-01 5.283332e+02
9.483342e-01 2.563856e-01 -1.868922e-01 -9.502679e+01 -2.632192e-01 9.646579e-01 -1.228156e-02 -6.131839e-01 1.771382e-01 6.084064e-02 9.823036e-01 5.298012e+02
9.498069e-01 2.538859e-01 -1.827806e-01 -9.530546e+01 -2.606627e-01 9.653335e-01 -1.364825e-02 -6.524819e-01 1.729791e-01 6.060727e-02 9.830590e-01 5.311922e+02
9.512508e-01 2.505994e-01 -1.797829e-01 -9.556509e+01 -2.569349e-01 9.663482e-01 -1.247750e-02 -6.879761e-01 1.706060e-01 5.806172e-02 9.836272e-01 5.325722e+02
9.528262e-01 2.459447e-01 -1.778580e-01 -9.582043e+01 -2.522003e-01 9.675864e-01 -1.310197e-02 -7.250564e-01 1.688706e-01 5.733974e-02 9.839689e-01 5.339931e+02
9.529992e-01 2.480904e-01 -1.739072e-01 -9.610889e+01 -2.544614e-01 9.669668e-01 -1.498697e-02 -7.655691e-01 1.644443e-01 5.853523e-02 9.846480e-01 5.354305e+02
9.537264e-01 2.464048e-01 -1.723096e-01 -9.635885e+01 -2.529473e-01 9.673350e-01 -1.675156e-02 -8.079869e-01 1.625535e-01 5.956165e-02 9.849004e-01 5.368492e+02
9.537471e-01 2.484894e-01 -1.691732e-01 -9.662969e+01 -2.548255e-01 9.668466e-01 -1.647952e-02 -8.396657e-01 1.594696e-01 5.882694e-02 9.854486e-01 5.383044e+02
9.556204e-01 2.422358e-01 -1.676647e-01 -9.686427e+01 -2.483292e-01 9.685426e-01 -1.606037e-02 -8.903238e-01 1.585000e-01 5.698366e-02 9.857132e-01 5.397318e+02
9.568041e-01 2.388070e-01 -1.658224e-01 -9.710425e+01 -2.448883e-01 9.694032e-01 -1.694544e-02 -9.338502e-01 1.567021e-01 5.682144e-02 9.860100e-01 5.411417e+02
9.578549e-01 2.342538e-01 -1.662503e-01 -9.732877e+01 -2.407568e-01 9.703832e-01 -1.981433e-02 -9.939188e-01 1.566849e-01 5.900514e-02 9.858845e-01 5.426412e+02
9.590646e-01 2.306187e-01 -1.643473e-01 -9.755018e+01 -2.370838e-01 9.712708e-01 -2.059932e-02 -1.042445e+00 1.548752e-01 5.872016e-02 9.861874e-01 5.440113e+02
9.584624e-01 2.360388e-01 -1.601111e-01 -9.782334e+01 -2.421740e-01 9.700335e-01 -1.966817e-02 -1.084721e+00 1.506706e-01 5.762593e-02 9.869030e-01 5.454673e+02
9.591401e-01 2.350961e-01 -1.574171e-01 -9.807079e+01 -2.410677e-01 9.703082e-01 -1.970557e-02 -1.128982e+00 1.481104e-01 5.684858e-02 9.873356e-01 5.469346e+02
9.592775e-01 2.362705e-01 -1.547999e-01 -9.831543e+01 -2.421382e-01 9.700369e-01 -1.993944e-02 -1.173857e+00 1.454505e-01 5.661042e-02 9.877446e-01 5.483941e+02
9.596997e-01 2.352381e-01 -1.537513e-01 -9.856185e+01 -2.412239e-01 9.702370e-01 -2.124104e-02 -1.230525e+00 1.441785e-01 5.747351e-02 9.878813e-01 5.499135e+02
9.600306e-01 2.343549e-01 -1.530329e-01 -9.877676e+01 -2.404839e-01 9.703903e-01 -2.258495e-02 -1.284573e+00 1.432087e-01 5.848419e-02 9.879630e-01 5.513217e+02
9.603607e-01 2.339674e-01 -1.515470e-01 -9.902010e+01 -2.401892e-01 9.704323e-01 -2.387893e-02 -1.329591e+00 1.414792e-01 5.933234e-02 9.881616e-01 5.527768e+02
9.600222e-01 2.370272e-01 -1.489141e-01 -9.926485e+01 -2.431035e-01 9.697095e-01 -2.375325e-02 -1.385432e+00 1.387732e-01 5.900518e-02 9.885648e-01 5.542440e+02
9.591964e-01 2.426871e-01 -1.450699e-01 -9.954588e+01 -2.485667e-01 9.683272e-01 -2.360050e-02 -1.434205e+00 1.347476e-01 5.869706e-02 9.891399e-01 5.558146e+02
9.596680e-01 2.420815e-01 -1.429471e-01 -9.977694e+01 -2.477127e-01 9.685668e-01 -2.273451e-02 -1.488176e+00 1.329502e-01 5.722740e-02 9.894692e-01 5.573156e+02
9.601546e-01 2.410030e-01 -1.414946e-01 -1.000059e+02 -2.465523e-01 9.688606e-01 -2.282783e-02 -1.542799e+00 1.315870e-01 5.680407e-02 9.896758e-01 5.588414e+02
9.608585e-01 2.389906e-01 -1.401229e-01 -1.002450e+02 -2.447071e-01 9.692788e-01 -2.483841e-02 -1.603177e+00 1.298820e-01 5.815527e-02 9.898225e-01 5.604350e+02
9.615716e-01 2.359610e-01 -1.403652e-01 -1.004728e+02 -2.420474e-01 9.698675e-01 -2.774920e-02 -1.665810e+00 1.295880e-01 6.065788e-02 9.897109e-01 5.620255e+02
9.617255e-01 2.360420e-01 -1.391700e-01 -1.007208e+02 -2.424400e-01 9.696799e-01 -3.072163e-02 -1.725324e+00 1.276987e-01 6.328614e-02 9.897918e-01 5.636103e+02
9.617437e-01 2.363514e-01 -1.385172e-01 -1.009358e+02 -2.429195e-01 9.695066e-01 -3.235773e-02 -1.794549e+00 1.266456e-01 6.476838e-02 9.898313e-01 5.651350e+02
9.617130e-01 2.372043e-01 -1.372666e-01 -1.011614e+02 -2.438563e-01 9.692285e-01 -3.361776e-02 -1.861869e+00 1.250684e-01 6.580397e-02 9.899635e-01 5.666390e+02
9.623938e-01 2.351435e-01 -1.360358e-01 -1.013717e+02 -2.417964e-01 9.697167e-01 -3.440851e-02 -1.928069e+00 1.238253e-01 6.600751e-02 9.901062e-01 5.680800e+02
9.630189e-01 2.331872e-01 -1.349751e-01 -1.015687e+02 -2.397841e-01 9.702078e-01 -3.464734e-02 -1.992896e+00 1.228746e-01 6.573092e-02 9.902430e-01 5.694721e+02
9.634906e-01 2.313035e-01 -1.348504e-01 -1.017611e+02 -2.379551e-01 9.706356e-01 -3.526899e-02 -2.065113e+00 1.227328e-01 6.606967e-02 9.902381e-01 5.709257e+02
9.634916e-01 2.316921e-01 -1.341739e-01 -1.019666e+02 -2.387212e-01 9.703171e-01 -3.868928e-02 -2.129881e+00 1.212272e-01 6.930694e-02 9.902023e-01 5.722936e+02
9.620045e-01 2.390438e-01 -1.319293e-01 -1.021818e+02 -2.462378e-01 9.683430e-01 -4.097285e-02 -2.185969e+00 1.179585e-01 7.190205e-02 9.904120e-01 5.736429e+02
9.623319e-01 2.386293e-01 -1.302817e-01 -1.023696e+02 -2.458362e-01 9.683955e-01 -4.212770e-02 -2.256321e+00 1.161113e-01 7.256878e-02 9.905816e-01 5.750095e+02
9.622585e-01 2.398323e-01 -1.286039e-01 -1.025475e+02 -2.471673e-01 9.679621e-01 -4.424662e-02 -2.326791e+00 1.138719e-01 7.436336e-02 9.907085e-01 5.762722e+02
9.621479e-01 2.411549e-01 -1.269478e-01 -1.027145e+02 -2.486188e-01 9.674882e-01 -4.642478e-02 -2.402671e+00 1.116250e-01 7.622912e-02 9.908224e-01 5.775083e+02
9.603264e-01 2.501338e-01 -1.233141e-01 -1.029064e+02 -2.573008e-01 9.652434e-01 -4.584073e-02 -2.471434e+00 1.075618e-01 7.575088e-02 9.913084e-01 5.788062e+02
9.584363e-01 2.596946e-01 -1.181462e-01 -1.030766e+02 -2.655549e-01 9.633996e-01 -3.663113e-02 -2.537216e+00 1.043091e-01 6.648290e-02 9.923203e-01 5.800642e+02
9.568897e-01 2.689088e-01 -1.097735e-01 -1.032659e+02 -2.730967e-01 9.616668e-01 -2.480387e-02 -2.586698e+00 9.889556e-02 5.371335e-02 9.936471e-01 5.814421e+02
9.557008e-01 2.753531e-01 -1.040031e-01 -1.034533e+02 -2.786511e-01 9.602171e-01 -1.834905e-02 -2.634655e+00 9.481307e-02 4.651677e-02 9.944077e-01 5.829657e+02
9.568901e-01 2.721920e-01 -1.013554e-01 -1.036327e+02 -2.756334e-01 9.610249e-01 -2.138622e-02 -2.679294e+00 9.158393e-02 4.840120e-02 9.946204e-01 5.845995e+02
9.603596e-01 2.594977e-01 -1.018350e-01 -1.037952e+02 -2.635979e-01 9.642002e-01 -2.888029e-02 -2.746593e+00 9.069496e-02 5.457896e-02 9.943820e-01 5.862759e+02
9.629907e-01 2.488497e-01 -1.035504e-01 -1.039387e+02 -2.540301e-01 9.663662e-01 -4.006390e-02 -2.820599e+00 9.009768e-02 6.488607e-02 9.938170e-01 5.877983e+02
9.649400e-01 2.416454e-01 -1.024609e-01 -1.040701e+02 -2.471990e-01 9.679048e-01 -4.530894e-02 -2.904072e+00 8.822370e-02 6.904864e-02 9.937046e-01 5.891946e+02
9.644805e-01 2.454368e-01 -9.766308e-02 -1.042257e+02 -2.506380e-01 9.670372e-01 -4.494030e-02 -2.978856e+00 8.341383e-02 6.782213e-02 9.942044e-01 5.905675e+02
9.646361e-01 2.470248e-01 -9.195561e-02 -1.043688e+02 -2.515995e-01 9.669268e-01 -4.183610e-02 -3.049105e+00 7.857979e-02 6.349260e-02 9.948839e-01 5.919541e+02
9.652299e-01 2.465057e-01 -8.698388e-02 -1.044860e+02 -2.506724e-01 9.672205e-01 -4.059469e-02 -3.121706e+00 7.412577e-02 6.098766e-02 9.953823e-01 5.933299e+02
9.662692e-01 2.438411e-01 -8.285690e-02 -1.045919e+02 -2.478648e-01 9.678752e-01 -4.219776e-02 -3.196050e+00 6.990559e-02 6.131171e-02 9.956677e-01 5.946933e+02
9.650500e-01 2.510916e-01 -7.504356e-02 -1.047518e+02 -2.547713e-01 9.659921e-01 -4.416905e-02 -3.265971e+00 6.140100e-02 6.174429e-02 9.962016e-01 5.960911e+02
9.667411e-01 2.458998e-01 -7.031974e-02 -1.048388e+02 -2.493895e-01 9.673110e-01 -4.598222e-02 -3.352217e+00 5.671404e-02 6.198990e-02 9.964641e-01 5.974769e+02
9.681420e-01 2.419837e-01 -6.438173e-02 -1.049373e+02 -2.452882e-01 9.681839e-01 -4.953396e-02 -3.436712e+00 5.034695e-02 6.374798e-02 9.966952e-01 5.988308e+02
9.691648e-01 2.395604e-01 -5.770938e-02 -1.050231e+02 -2.425709e-01 9.687164e-01 -5.241952e-02 -3.525243e+00 4.334639e-02 6.480178e-02 9.969563e-01 6.001968e+02
9.699359e-01 2.383615e-01 -4.907262e-02 -1.050930e+02 -2.408662e-01 9.690713e-01 -5.370510e-02 -3.614193e+00 3.475364e-02 6.391044e-02 9.973503e-01 6.015603e+02
9.704040e-01 2.382503e-01 -3.940579e-02 -1.051567e+02 -2.401875e-01 9.691512e-01 -5.528069e-02 -3.707247e+00 2.501953e-02 6.310939e-02 9.976930e-01 6.029714e+02
9.705971e-01 2.389599e-01 -2.897261e-02 -1.052147e+02 -2.402780e-01 9.690188e-01 -5.717616e-02 -3.800615e+00 1.441220e-02 6.245649e-02 9.979436e-01 6.043910e+02
9.709046e-01 2.387468e-01 -1.855154e-02 -1.052633e+02 -2.394374e-01 9.690760e-01 -5.967837e-02 -3.898385e+00 3.729837e-03 6.238394e-02 9.980453e-01 6.057818e+02
9.711169e-01 2.384468e-01 -8.663231e-03 -1.052970e+02 -2.384976e-01 9.689591e-01 -6.509266e-02 -3.991737e+00 -7.126817e-03 6.527875e-02 9.978416e-01 6.071362e+02
9.719991e-01 2.349846e-01 2.052457e-04 -1.053031e+02 -2.343815e-01 9.695661e-01 -7.075970e-02 -4.101001e+00 -1.682644e-02 6.873025e-02 9.974934e-01 6.084904e+02
9.731824e-01 2.298637e-01 8.874583e-03 -1.052982e+02 -2.285949e-01 9.706803e-01 -7.432465e-02 -4.210201e+00 -2.569892e-02 7.030276e-02 9.971946e-01 6.098004e+02
9.733837e-01 2.284486e-01 1.831516e-02 -1.052954e+02 -2.264795e-01 9.710662e-01 -7.574635e-02 -4.316153e+00 -3.508938e-02 6.958225e-02 9.969589e-01 6.111429e+02
9.733882e-01 2.275091e-01 2.747912e-02 -1.052751e+02 -2.249136e-01 9.714310e-01 -7.573454e-02 -4.433912e+00 -4.392437e-02 6.753868e-02 9.967493e-01 6.125430e+02
9.732041e-01 2.271699e-01 3.560262e-02 -1.052281e+02 -2.240734e-01 9.716857e-01 -7.495315e-02 -4.555964e+00 -5.162166e-02 6.496712e-02 9.965513e-01 6.139223e+02
9.722683e-01 2.295150e-01 4.491226e-02 -1.051904e+02 -2.258529e-01 9.713155e-01 -7.440841e-02 -4.676055e+00 -6.070182e-02 6.220137e-02 9.962160e-01 6.154033e+02
9.723820e-01 2.276606e-01 5.141874e-02 -1.051162e+02 -2.236150e-01 9.718521e-01 -7.416041e-02 -4.802615e+00 -6.685482e-02 6.061425e-02 9.959198e-01 6.169063e+02
9.745794e-01 2.172502e-01 5.474812e-02 -1.050083e+02 -2.128723e-01 9.741133e-01 -7.608314e-02 -4.940553e+00 -6.985995e-02 6.249471e-02 9.955973e-01 6.183391e+02
9.756817e-01 2.114078e-01 5.789666e-02 -1.049050e+02 -2.066679e-01 9.752678e-01 -7.836523e-02 -5.075463e+00 -7.303176e-02 6.449414e-02 9.952421e-01 6.197883e+02
9.773263e-01 2.032546e-01 5.933650e-02 -1.048030e+02 -1.982502e-01 9.768234e-01 -8.070293e-02 -5.208473e+00 -7.436452e-02 6.710962e-02 9.949705e-01 6.211660e+02
9.788706e-01 1.956385e-01 5.948063e-02 -1.046897e+02 -1.904286e-01 9.781537e-01 -8.338000e-02 -5.354069e+00 -7.449353e-02 7.029142e-02 9.947411e-01 6.225987e+02
9.809536e-01 1.850299e-01 5.910900e-02 -1.045775e+02 -1.795753e-01 9.798762e-01 -8.715080e-02 -5.499147e+00 -7.404501e-02 7.487638e-02 9.944400e-01 6.240133e+02
9.815548e-01 1.815160e-01 6.001702e-02 -1.044914e+02 -1.757462e-01 9.802691e-01 -9.047476e-02 -5.634449e+00 -7.525545e-02 7.825818e-02 9.940887e-01 6.253651e+02
9.829894e-01 1.737787e-01 5.943735e-02 -1.043917e+02 -1.679025e-01 9.814400e-01 -9.265136e-02 -5.768799e+00 -7.443502e-02 8.109562e-02 9.939230e-01 6.266146e+02
9.841549e-01 1.668071e-01 6.012003e-02 -1.043111e+02 -1.608344e-01 9.825578e-01 -9.334098e-02 -5.898437e+00 -7.464134e-02 8.219262e-02 9.938174e-01 6.278791e+02
9.852676e-01 1.599946e-01 6.041094e-02 -1.042137e+02 -1.541683e-01 9.838260e-01 -9.120650e-02 -6.034769e+00 -7.402640e-02 8.054936e-02 9.939979e-01 6.291488e+02
9.857604e-01 1.564146e-01 6.173278e-02 -1.041261e+02 -1.506860e-01 9.846074e-01 -8.855464e-02 -6.162875e+00 -7.463380e-02 7.799140e-02 9.941565e-01 6.304325e+02
9.858755e-01 1.549381e-01 6.359060e-02 -1.040496e+02 -1.492097e-01 9.849993e-01 -8.667620e-02 -6.289341e+00 -7.606615e-02 7.596360e-02 9.942049e-01 6.317383e+02
9.864664e-01 1.504811e-01 6.511087e-02 -1.039546e+02 -1.447129e-01 9.857519e-01 -8.574026e-02 -6.431337e+00 -7.708545e-02 7.515751e-02 9.941877e-01 6.331283e+02
9.870267e-01 1.465850e-01 6.550627e-02 -1.038575e+02 -1.407636e-01 9.862944e-01 -8.607574e-02 -6.567433e+00 -7.722587e-02 7.573816e-02 9.941327e-01 6.345288e+02
9.870335e-01 1.458134e-01 6.710619e-02 -1.037762e+02 -1.397749e-01 9.863287e-01 -8.728525e-02 -6.699800e+00 -7.891611e-02 7.677371e-02 9.939205e-01 6.359215e+02
9.872365e-01 1.442139e-01 6.757618e-02 -1.036904e+02 -1.379856e-01 9.864074e-01 -8.922134e-02 -6.828541e+00 -7.952460e-02 7.875801e-02 9.937168e-01 6.372453e+02
9.878120e-01 1.404884e-01 6.701098e-02 -1.035916e+02 -1.341955e-01 9.868006e-01 -9.064292e-02 -6.960537e+00 -7.886075e-02 8.054559e-02 9.936264e-01 6.385632e+02
9.871957e-01 1.442224e-01 6.815139e-02 -1.035185e+02 -1.377155e-01 9.861800e-01 -9.210622e-02 -7.098085e+00 -8.049332e-02 8.154136e-02 9.934142e-01 6.399922e+02
9.868749e-01 1.460532e-01 6.889448e-02 -1.034378e+02 -1.395196e-01 9.859674e-01 -9.166560e-02 -7.219636e+00 -8.131576e-02 8.085035e-02 9.934037e-01 6.412106e+02
9.873592e-01 1.429148e-01 6.853649e-02 -1.033316e+02 -1.365690e-01 9.865569e-01 -8.974647e-02 -7.358456e+00 -8.044124e-02 7.925204e-02 9.936037e-01 6.425151e+02
9.879417e-01 1.386638e-01 6.887343e-02 -1.032343e+02 -1.323920e-01 9.872349e-01 -8.854165e-02 -7.496345e+00 -8.027177e-02 7.835570e-02 9.936885e-01 6.438522e+02
9.880150e-01 1.376764e-01 6.979664e-02 -1.031458e+02 -1.315097e-01 9.875454e-01 -8.636740e-02 -7.636629e+00 -8.081811e-02 7.615335e-02 9.938154e-01 6.452426e+02
9.881464e-01 1.366561e-01 6.994198e-02 -1.030581e+02 -1.305518e-01 9.877506e-01 -8.546905e-02 -7.770825e+00 -8.076510e-02 7.532488e-02 9.938829e-01 6.466156e+02
9.879945e-01 1.379431e-01 6.955998e-02 -1.029626e+02 -1.315843e-01 9.873060e-01 -8.895245e-02 -7.917162e+00 -8.094736e-02 7.873153e-02 9.936040e-01 6.481037e+02
9.878637e-01 1.394697e-01 6.836351e-02 -1.028636e+02 -1.327575e-01 9.866347e-01 -9.448500e-02 -8.054550e+00 -8.062760e-02 8.426253e-02 9.931762e-01 6.494396e+02
9.875266e-01 1.420585e-01 6.790085e-02 -1.027764e+02 -1.351201e-01 9.859992e-01 -9.771428e-02 -8.194863e+00 -8.083133e-02 8.732069e-02 9.928955e-01 6.508026e+02
9.881437e-01 1.376369e-01 6.803043e-02 -1.026916e+02 -1.309129e-01 9.868307e-01 -9.501055e-02 -8.324031e+00 -8.021147e-02 8.497802e-02 9.931490e-01 6.520218e+02
9.886152e-01 1.339166e-01 6.860308e-02 -1.026049e+02 -1.276301e-01 9.878174e-01 -8.903531e-02 -8.456233e+00 -7.969063e-02 7.926585e-02 9.936631e-01 6.533001e+02
9.885817e-01 1.336140e-01 6.966764e-02 -1.025181e+02 -1.276198e-01 9.882274e-01 -8.437873e-02 -8.583103e+00 -8.012166e-02 7.452429e-02 9.939953e-01 6.546568e+02
9.884917e-01 1.340732e-01 7.006024e-02 -1.024192e+02 -1.281795e-01 9.882909e-01 -8.277192e-02 -8.723841e+00 -8.033740e-02 7.283907e-02 9.941028e-01 6.561440e+02
9.888379e-01 1.320118e-01 6.908387e-02 -1.023075e+02 -1.260432e-01 9.884096e-01 -8.461457e-02 -8.864081e+00 -7.945328e-02 7.496254e-02 9.940160e-01 6.575874e+02
9.884663e-01 1.346094e-01 6.938847e-02 -1.022218e+02 -1.284516e-01 9.879218e-01 -8.666385e-02 -8.997840e+00 -8.021616e-02 7.675123e-02 9.938182e-01 6.590374e+02
9.884293e-01 1.345472e-01 7.003235e-02 -1.021280e+02 -1.283526e-01 9.879485e-01 -8.650639e-02 -9.143977e+00 -8.082755e-02 7.651662e-02 9.937868e-01 6.604944e+02
9.884279e-01 1.342726e-01 7.057710e-02 -1.020300e+02 -1.282210e-01 9.881611e-01 -8.424408e-02 -9.281566e+00 -8.105321e-02 7.421973e-02 9.939426e-01 6.618853e+02
9.878343e-01 1.378143e-01 7.204591e-02 -1.019465e+02 -1.317594e-01 9.878040e-01 -8.296260e-02 -9.421090e+00 -8.260067e-02 7.246058e-02 9.939450e-01 6.633432e+02
9.879481e-01 1.369074e-01 7.221471e-02 -1.018508e+02 -1.308361e-01 9.879226e-01 -8.301169e-02 -9.560238e+00 -8.270746e-02 7.256295e-02 9.939286e-01 6.647719e+02
9.880612e-01 1.363342e-01 7.175043e-02 -1.017427e+02 -1.302337e-01 9.879377e-01 -8.377483e-02 -9.702833e+00 -8.230634e-02 7.343033e-02 9.938982e-01 6.662445e+02
9.878716e-01 1.368542e-01 7.335219e-02 -1.016574e+02 -1.305899e-01 9.878448e-01 -8.431476e-02 -9.841288e+00 -8.399941e-02 7.371311e-02 9.937356e-01 6.676957e+02
9.881506e-01 1.344433e-01 7.405012e-02 -1.015582e+02 -1.281178e-01 9.881589e-01 -8.442598e-02 -9.982767e+00 -8.452380e-02 7.393845e-02 9.936744e-01 6.691071e+02
9.883678e-01 1.328925e-01 7.395026e-02 -1.014579e+02 -1.265307e-01 9.883194e-01 -8.493966e-02 -1.012531e+01 -8.437431e-02 7.459465e-02 9.936381e-01 6.705376e+02
9.883935e-01 1.322763e-01 7.470813e-02 -1.013635e+02 -1.259019e-01 9.884440e-01 -8.442259e-02 -1.026161e+01 -8.501191e-02 7.403684e-02 9.936254e-01 6.719560e+02
9.882987e-01 1.325264e-01 7.551474e-02 -1.012656e+02 -1.262635e-01 9.885658e-01 -8.243338e-02 -1.040734e+01 -8.557588e-02 7.193404e-02 9.937315e-01 6.733907e+02
9.879949e-01 1.342293e-01 7.647601e-02 -1.011693e+02 -1.280503e-01 9.884807e-01 -8.067878e-02 -1.054203e+01 -8.642451e-02 6.991745e-02 9.938020e-01 6.747720e+02
9.875781e-01 1.361872e-01 7.837468e-02 -1.010865e+02 -1.299426e-01 9.882944e-01 -7.993142e-02 -1.067939e+01 -8.834290e-02 6.875431e-02 9.937144e-01 6.762156e+02
9.875775e-01 1.360056e-01 7.869632e-02 -1.009805e+02 -1.297411e-01 9.883231e-01 -7.990409e-02 -1.082285e+01 -8.864480e-02 6.870134e-02 9.936912e-01 6.776656e+02
9.873730e-01 1.371068e-01 7.934956e-02 -1.008850e+02 -1.307524e-01 9.881487e-01 -8.041074e-02 -1.096984e+01 -8.943403e-02 6.902025e-02 9.935984e-01 6.791580e+02
9.872797e-01 1.377554e-01 7.938684e-02 -1.007887e+02 -1.314317e-01 9.880882e-01 -8.004689e-02 -1.111542e+01 -8.946809e-02 6.859472e-02 9.936248e-01 6.806017e+02
9.877344e-01 1.354263e-01 7.772004e-02 -1.006828e+02 -1.292072e-01 9.883731e-01 -8.015095e-02 -1.125272e+01 -8.767094e-02 6.912587e-02 9.937482e-01 6.819527e+02
9.879000e-01 1.349900e-01 7.636327e-02 -1.005815e+02 -1.288269e-01 9.883869e-01 -8.059094e-02 -1.138777e+01 -8.635542e-02 6.977814e-02 9.938178e-01 6.832986e+02
9.878073e-01 1.361637e-01 7.547293e-02 -1.004885e+02 -1.300749e-01 9.882340e-01 -8.046137e-02 -1.152137e+01 -8.554083e-02 6.966319e-02 9.938963e-01 6.846332e+02
9.875414e-01 1.379189e-01 7.576548e-02 -1.004071e+02 -1.318688e-01 9.880510e-01 -7.978656e-02 -1.164984e+01 -8.586423e-02 6.880143e-02 9.939284e-01 6.859169e+02
9.868307e-01 1.423912e-01 7.674625e-02 -1.003387e+02 -1.363074e-01 9.874774e-01 -7.942761e-02 -1.177990e+01 -8.709498e-02 6.792052e-02 9.938819e-01 6.872509e+02
9.862750e-01 1.457901e-01 7.750449e-02 -1.002713e+02 -1.396812e-01 9.870278e-01 -7.915376e-02 -1.190113e+01 -8.803892e-02 6.724145e-02 9.938449e-01 6.884726e+02
9.862014e-01 1.464464e-01 7.720296e-02 -1.001844e+02 -1.403080e-01 9.868929e-01 -7.972440e-02 -1.202450e+01 -8.786641e-02 6.779212e-02 9.938228e-01 6.897276e+02
9.861322e-01 1.471196e-01 7.680634e-02 -1.001037e+02 -1.410012e-01 9.867872e-01 -7.980970e-02 -1.214549e+01 -8.753308e-02 6.787312e-02 9.938467e-01 6.909380e+02
9.860906e-01 1.477146e-01 7.619569e-02 -1.000271e+02 -1.416950e-01 9.867401e-01 -7.916132e-02 -1.225702e+01 -8.687862e-02 6.726368e-02 9.939455e-01 6.920804e+02
9.865370e-01 1.450112e-01 7.560768e-02 -9.993996e+01 -1.390857e-01 9.871627e-01 -7.851757e-02 -1.237569e+01 -8.602302e-02 6.694454e-02 9.940415e-01 6.932701e+02
9.865498e-01 1.451697e-01 7.513488e-02 -9.985892e+01 -1.392848e-01 9.871426e-01 -7.841654e-02 -1.249223e+01 -8.555255e-02 6.689667e-02 9.940853e-01 6.944609e+02
9.861258e-01 1.475904e-01 7.597942e-02 -9.980167e+01 -1.415409e-01 9.867211e-01 -7.967241e-02 -1.259819e+01 -8.672938e-02 6.781283e-02 9.939212e-01 6.955700e+02
9.857800e-01 1.495102e-01 7.670987e-02 -9.973248e+01 -1.432411e-01 9.863173e-01 -8.161021e-02 -1.271393e+01 -8.786183e-02 6.946171e-02 9.937079e-01 6.967086e+02
9.863543e-01 1.459696e-01 7.614503e-02 -9.964319e+01 -1.398392e-01 9.869000e-01 -8.045709e-02 -1.282258e+01 -8.689182e-02 6.871114e-02 9.938454e-01 6.977400e+02
9.867443e-01 1.434320e-01 7.591462e-02 -9.956067e+01 -1.374686e-01 9.873743e-01 -7.870381e-02 -1.292658e+01 -8.624479e-02 6.722466e-02 9.940034e-01 6.987584e+02
9.862655e-01 1.462723e-01 7.671217e-02 -9.949828e+01 -1.402496e-01 9.869764e-01 -7.878822e-02 -1.302245e+01 -8.723765e-02 6.694726e-02 9.939354e-01 6.997910e+02
9.864853e-01 1.450401e-01 7.622479e-02 -9.941542e+01 -1.388982e-01 9.870278e-01 -8.051931e-02 -1.312781e+01 -8.691451e-02 6.884362e-02 9.938342e-01 7.008069e+02
9.865264e-01 1.446400e-01 7.645193e-02 -9.934460e+01 -1.384261e-01 9.870418e-01 -8.115818e-02 -1.322659e+01 -8.719997e-02 6.948174e-02 9.937648e-01 7.018041e+02
9.864888e-01 1.444049e-01 7.737570e-02 -9.927663e+01 -1.381946e-01 9.871374e-01 -8.038703e-02 -1.332290e+01 -8.798873e-02 6.860800e-02 9.937560e-01 7.027784e+02
9.865838e-01 1.437537e-01 7.737778e-02 -9.919883e+01 -1.376947e-01 9.873456e-01 -7.866857e-02 -1.342243e+01 -8.770751e-02 6.695862e-02 9.938933e-01 7.037458e+02
9.859691e-01 1.470480e-01 7.900548e-02 -9.915168e+01 -1.408721e-01 9.868881e-01 -7.878466e-02 -1.350841e+01 -8.955469e-02 6.654957e-02 9.937561e-01 7.047028e+02
9.862650e-01 1.451281e-01 7.886224e-02 -9.907607e+01 -1.389104e-01 9.871218e-01 -7.933718e-02 -1.359991e+01 -8.936070e-02 6.729270e-02 9.937235e-01 7.056207e+02
9.855263e-01 1.492294e-01 8.042697e-02 -9.902917e+01 -1.428340e-01 9.864949e-01 -8.016436e-02 -1.368415e+01 -9.130368e-02 6.751638e-02 9.935317e-01 7.065315e+02
9.856151e-01 1.486832e-01 8.034988e-02 -9.896040e+01 -1.422946e-01 9.865747e-01 -8.014122e-02 -1.377144e+01 -9.118681e-02 6.755505e-02 9.935398e-01 7.074003e+02
9.858662e-01 1.470030e-01 8.036127e-02 -9.889652e+01 -1.406772e-01 9.868641e-01 -7.943027e-02 -1.385584e+01 -9.098214e-02 6.700262e-02 9.935959e-01 7.082313e+02
9.860358e-01 1.460415e-01 8.003286e-02 -9.883533e+01 -1.397876e-01 9.870351e-01 -7.887403e-02 -1.394181e+01 -9.051412e-02 6.658502e-02 9.936668e-01 7.090642e+02
9.862054e-01 1.452375e-01 7.940447e-02 -9.877568e+01 -1.390797e-01 9.871833e-01 -7.826835e-02 -1.402076e+01 -8.975427e-02 6.614511e-02 9.937651e-01 7.098684e+02
9.865172e-01 1.438577e-01 7.803123e-02 -9.871517e+01 -1.379281e-01 9.874667e-01 -7.671536e-02 -1.409924e+01 -8.808934e-02 6.491832e-02 9.939949e-01 7.106616e+02
9.863184e-01 1.454949e-01 7.750581e-02 -9.867389e+01 -1.397149e-01 9.873149e-01 -7.542625e-02 -1.417124e+01 -8.749677e-02 6.356559e-02 9.941347e-01 7.114467e+02
9.860160e-01 1.481637e-01 7.628865e-02 -9.863400e+01 -1.425350e-01 9.869737e-01 -7.460977e-02 -1.424181e+01 -8.634936e-02 6.269262e-02 9.942904e-01 7.122100e+02
9.866794e-01 1.450543e-01 7.364126e-02 -9.857204e+01 -1.396172e-01 9.874143e-01 -7.429680e-02 -1.431155e+01 -8.349150e-02 6.302554e-02 9.945134e-01 7.129416e+02
9.868321e-01 1.451714e-01 7.132730e-02 -9.852548e+01 -1.398870e-01 9.873812e-01 -7.422936e-02 -1.438179e+01 -8.120322e-02 6.327416e-02 9.946871e-01 7.136534e+02
9.874779e-01 1.418491e-01 6.903809e-02 -9.846753e+01 -1.367445e-01 9.878545e-01 -7.378660e-02 -1.444818e+01 -7.866615e-02 6.342205e-02 9.948815e-01 7.143358e+02
9.876726e-01 1.412748e-01 6.741160e-02 -9.842260e+01 -1.362109e-01 9.878671e-01 -7.460050e-02 -1.451614e+01 -7.713287e-02 6.449867e-02 9.949324e-01 7.150083e+02
9.877603e-01 1.414283e-01 6.578503e-02 -9.837510e+01 -1.365196e-01 9.878736e-01 -7.394697e-02 -1.458149e+01 -7.544548e-02 6.406093e-02 9.950900e-01 7.156573e+02
9.869451e-01 1.467774e-01 6.630096e-02 -9.836129e+01 -1.418145e-01 9.871059e-01 -7.423308e-02 -1.463632e+01 -7.634180e-02 6.386154e-02 9.950345e-01 7.162978e+02
9.868129e-01 1.478340e-01 6.592053e-02 -9.833121e+01 -1.428559e-01 9.869165e-01 -7.475265e-02 -1.469304e+01 -7.610904e-02 6.434974e-02 9.950209e-01 7.169211e+02
9.866330e-01 1.489959e-01 6.599625e-02 -9.830395e+01 -1.439359e-01 9.866828e-01 -7.575960e-02 -1.474625e+01 -7.640523e-02 6.524770e-02 9.949397e-01 7.175171e+02
9.862934e-01 1.510569e-01 6.638647e-02 -9.827714e+01 -1.459193e-01 9.863395e-01 -7.643287e-02 -1.479642e+01 -7.702531e-02 6.569817e-02 9.948622e-01 7.180996e+02
9.860110e-01 1.527994e-01 6.659356e-02 -9.824333e+01 -1.477197e-01 9.861424e-01 -7.551256e-02 -1.484993e+01 -7.720900e-02 6.461903e-02 9.949187e-01 7.186625e+02
9.859419e-01 1.528009e-01 6.760496e-02 -9.820729e+01 -1.476773e-01 9.861698e-01 -7.523693e-02 -1.489837e+01 -7.816624e-02 6.419552e-02 9.948713e-01 7.192193e+02
9.855998e-01 1.545584e-01 6.859133e-02 -9.817720e+01 -1.494026e-01 9.859393e-01 -7.485051e-02 -1.494839e+01 -7.919567e-02 6.352492e-02 9.948330e-01 7.197615e+02
9.859566e-01 1.522214e-01 6.868878e-02 -9.813230e+01 -1.471092e-01 9.863323e-01 -7.421313e-02 -1.499948e+01 -7.904678e-02 6.306618e-02 9.948740e-01 7.202832e+02
9.867261e-01 1.471536e-01 6.868298e-02 -9.808520e+01 -1.421271e-01 9.871448e-01 -7.310933e-02 -1.504978e+01 -7.855835e-02 6.237718e-02 9.949561e-01 7.207915e+02
9.867578e-01 1.466462e-01 6.931108e-02 -9.805128e+01 -1.415695e-01 9.872151e-01 -7.324197e-02 -1.509563e+01 -7.916560e-02 6.245974e-02 9.949028e-01 7.212909e+02
9.863254e-01 1.490003e-01 7.043459e-02 -9.803090e+01 -1.437532e-01 9.868058e-01 -7.449370e-02 -1.513712e+01 -8.060485e-02 6.334984e-02 9.947309e-01 7.217745e+02
9.859193e-01 1.515144e-01 7.075733e-02 -9.800804e+01 -1.461939e-01 9.863969e-01 -7.515686e-02 -1.517979e+01 -8.118216e-02 6.375430e-02 9.946582e-01 7.222328e+02
9.861707e-01 1.501482e-01 7.016242e-02 -9.796931e+01 -1.447558e-01 9.865050e-01 -7.650912e-02 -1.522230e+01 -8.070329e-02 6.529464e-02 9.945972e-01 7.226721e+02
9.870268e-01 1.450439e-01 6.885097e-02 -9.792292e+01 -1.396264e-01 9.871358e-01 -7.789296e-02 -1.526286e+01 -7.926316e-02 6.726903e-02 9.945814e-01 7.230929e+02
9.876054e-01 1.412221e-01 6.849813e-02 -9.788962e+01 -1.357383e-01 9.875877e-01 -7.902942e-02 -1.530045e+01 -7.880861e-02 6.875206e-02 9.945161e-01 7.235022e+02
9.878611e-01 1.397271e-01 6.787390e-02 -9.785216e+01 -1.343197e-01 9.878153e-01 -7.860773e-02 -1.533785e+01 -7.803050e-02 6.853671e-02 9.945924e-01 7.238891e+02
9.881217e-01 1.379244e-01 6.776700e-02 -9.781959e+01 -1.325891e-01 9.881145e-01 -7.778033e-02 -1.537421e+01 -7.768937e-02 6.787127e-02 9.946647e-01 7.242682e+02
